10.56026
5.719767
4.107387
3.932108
3.755748
4.503333
4.086259
4.053988
4.410877
4.279317
5.372002
6.049489
6.055582
5.413439
6.774934
5.655458
5.435579
4.11051
4.677366
3.767021
3.570027
3.922068
3.635145
3.360327
3.744227
4.101173
4.970794
4.879616
4.582068
4.497266
5.013233
6.81994
7.176221
6.596679
6.128127
7.122585
6.312379
7.597948
5.984563
6.500148
6.625619
5.698006
5.791508
5.98985
6.372521
5.612038
5.795775
5.489085
5.699391
6.149341
5.092185
4.495223
5.034944
5.982335
6.340471
6.434661
6.270475
7.602003
7.629204
7.189941
6.408663
6.666098
5.256553
5.716227
6.509979
6.124964
5.200793
5.185494
6.400621
5.542852
6.507459
5.122383
5.780226
6.383792
5.833653
5.425869
7.072427
6.266538
5.231595
4.922159
3.814474
3.793227
3.017025
3.152061
3.834932
4.102143
3.509839
3.686287
3.316807
3.091661
3.538154
3.49316
3.499228
2.931395
3.013977
3.521393
3.494375
3.279918
3.73327
3.361138
3.343022
2.789305
2.630774
2.57448
2.235289
3.023821
2.820597
2.925338
3.361607
4.656665
4.657655
4.573215
3.990623
3.758794
4.028077
4.80325
4.778094
3.870143
4.076814
4.387941
4.478516
3.959408
3.693641
4.77102
4.236043
4.506764
4.398561
3.976718
4.590969
5.21918
5.260015
5.234854
4.915105
5.528698
4.998578
5.38804
5.086832
5.601268
5.990337
6.250062
6.481634
6.92282
7.278137
7.901003
9.102391
7.580126
7.943326
7.518433
7.559389
8.220723
7.670702
7.348677
7.381801
6.443104
5.358571
5.800834
5.383968
4.967764
5.796185
5.981549
5.735125
4.814948
5.07836
5.122333
5.803163
5.435949
5.197548
6.398623
5.48616
5.277661
6.412307
6.600508
5.842644
5.240562
5.491733
5.977171
5.454932
6.520012
5.257686
5.928759
5.916674
5.033735
5.315808
4.274287
4.428844
4.389262
4.682589
4.922647
5.051324
4.89905
4.608967
5.123739
4.569331
6.406964
5.907705
6.479545
8.122252
6.602507
6.187373
6.2346
6.526568
6.17833
6.09918
5.23467
5.347447
4.882276
4.526212
4.800487
5.232086
5.609912
5.651464
4.701424
5.597937
5.227756
5.207706
5.11697
7.00671
4.095877
4.546832
5.149646
5.137165
4.995336
5.213493
6.64236
5.263591
5.584904
5.227993
4.490894
4.016191
3.815991
4.303244
4.088591
4.822864
4.035053
4.980167
4.762315
4.598054
4.606148
4.552357
5.449231
5.399195
4.727379
4.042559
3.968033
5.127042
5.332409
5.697699
6.372162
5.499263
5.818899
6.635129
5.700093
6.828729
8.224257
6.078057
7.377167
6.516532
6.051078
7.305075
7.129169
5.378846
5.055783
4.524727
4.667325
3.926792
3.645902
3.664254
4.611236
4.545806
4.652035
4.775933
5.211777
4.651987
4.305676
5.147557
3.704691
3.306123
3.36828
3.840045
3.865147
3.671739
4.023998
3.48445
4.356456
4.08498
4.168888
4.969305
5.24891
4.881886
4.025492
4.088834
4.514402
4.454112
5.95235
4.443045
5.114451
6.449849
6.42879
6.830113
6.910406
5.885624
5.570206
6.57921
6.358583
5.867086
6.475714
5.64569
5.209562
5.713079
5.53616
5.857512
6.80233
6.092003
5.339933
6.102133
7.466365
7.523761
7.355032
6.573212
7.387145
7.547812
6.133395
6.711323
6.946503
6.506875
6.470312
6.625155
5.813193
5.333493
5.728947
5.499646
5.19359
5.26596
4.775997
4.897728
5.061524
5.618701
6.145472
7.126822
6.59593
5.395489
4.339379
4.521382
4.794665
4.428763
4.206631
5.16052
5.234801
5.468122
6.361975
5.205253
5.545711
5.149771
4.117381
3.739277
3.36651
3.831504
5.20987
4.730015
4.439803
4.108317
3.383332
4.264091
3.809136
3.9804
3.226215
4.035116
4.589613
5.134232
4.638512
4.824789
3.752127
3.784297
3.877226
3.8326
4.375543
4.694096
4.840967
4.912082
4.448698
4.523982
4.212752
3.952254
3.569261
3.69636
3.233716
3.644705
3.623298
4.004292
3.847578
3.689426
3.827124
3.42167
3.725197
3.895297
3.352296
3.73154
3.878062
3.556471
3.563653
3.270244
3.312976
3.27897
3.541548
3.951637
4.439229
3.838536
3.715019
3.534127
3.328344
3.179165
2.835224
2.813859
2.820914
2.414955
2.850196
2.721345
2.919853
3.149727
3.432169
3.323067
3.009841
3.281322
3.645407
4.269582
5.034014
4.320812
4.316866
5.487682
5.874202
5.212427
5.389528
5.78009
5.891352
4.703583
5.312788
4.772219
3.708587
3.624505
3.685818
3.708796
3.749403
3.755565
3.740547
3.396895
3.555429
3.846889
3.774856
4.635165
4.678443
4.051136
3.729208
3.633338
4.326759
4.637333
4.499169
4.714975
4.508269
4.081314
4.45617
4.321711
4.426675
4.121487
5.042874
5.193131
5.437226
5.615374
5.018953
5.135074
5.61684
5.244461
4.408449
5.036887
4.041575
4.3967
5.282952
4.85933
5.294752
4.983546
5.555471
5.552929
5.296369
5.405932
4.574967
4.496197
4.198537
4.732084
4.362707
4.952446
4.980715
5.02172
5.944944
5.944573
5.885107
4.758546
6.070494
5.836936
5.961613
4.811608
4.55404
3.994485
4.244321
3.823592
4.198107
3.661043
3.861141
3.893728
4.326438
4.675639
3.908753
3.913626
4.346703
4.276647
4.24364
4.020689
3.852565
4.245109
4.496755
4.199
4.383268
5.239936
4.332418
4.903488
5.105367
4.507862
4.301998
4.457999
4.224771
4.212678
5.207802
5.519332
4.810029
6.233689
5.664398
5.57103
5.433561
4.923747
5.417578
5.831001
6.011904
6.090525
6.089277
5.338028
6.687936
6.133708
4.51187
5.494715
5.0513
5.562528
5.849648
5.695785
5.882341
6.632063
5.399383
6.637399
4.138574
4.506725
4.493063
4.463089
5.065015
5.330131
4.632476
5.147302
4.273797
3.737667
4.285262
4.306013
5.140463
4.506726
3.998741
4.32497
4.139457
4.416856
3.746278
4.157536
4.047687
3.765868
4.431579
5.113751
4.550002
4.690244
5.324618
4.331086
4.716043
4.774406
5.468513
5.085923
5.160795
4.229273
3.74593
3.097333
3.594553
3.122488
3.910117
3.765072
3.236479
3.700454
4.803027
4.422199
4.03135
5.597492
7.039502
6.164124
5.886445
6.403565
6.78981
6.85497
6.04406
5.867357
5.785228
7.05938
5.738861
6.403504
5.943653
6.707972
5.185647
6.499905
6.519457
6.42783
7.420518
5.751816
5.495567
5.202398
5.746247
7.218543
6.236344
6.048636
6.07366
7.050143
5.63243
6.3874
6.902073
7.875548
7.500714
6.447948
6.765743
7.257416
8.554563
5.920576
5.084918
4.481102
4.164248
3.884624
3.355189
3.418446
4.709669
4.744271
4.691115
4.087856
4.561011
3.947374
4.144755
3.949033
3.889185
3.70688
3.485778
3.706408
3.855489
4.054515
3.652104
3.399107
3.549079
3.494289
4.678228
4.307266
4.977246
4.26645
4.470916
4.123371
4.245905
4.974058
4.401848
5.27082
5.26029
5.555289
5.278664
6.03522
5.599174
6.741075
6.107899
6.605174
6.103335
6.007507
4.435115
4.361623
5.617973
5.151412
6.231207
5.657606
4.373223
4.308151
5.140343
4.930281
4.714651
5.187201
4.947041
4.681496
5.976479
4.806602
4.210739
3.955733
4.709602
4.290422
5.591447
5.023773
4.532545
4.069232
3.661117
3.406439
3.834463
3.560453
4.13909
3.629037
3.08511
3.058891
2.647655
2.766411
2.682791
3.137824
3.398291
3.171837
3.233483
2.638725
2.925317
3.585032
3.449245
3.274412
3.048315
3.447788
4.254886
3.1008
3.332395
3.123791
3.215109
3.340461
3.089862
2.972239
2.710543
2.580888
3.07747
3.553758
3.280489
3.513567
3.55193
3.91911
3.40913
3.489134
3.894282
4.388928
3.684368
3.348318
2.83186
2.995246
2.67625
2.837094
2.612282
2.876906
3.339871
3.275237
2.894432
3.063142
3.23589
3.295542
3.047047
2.828418
3.195223
2.897106
3.23507
3.277083
2.952683
3.083623
3.707843
3.598165
3.040682
3.762389
3.655415
4.058156
3.415082
3.336321
2.463152
3.034757
3.713532
3.618767
3.405528
3.2521
3.240064
2.887058
2.884601
2.639204
2.634257
2.828023
2.887713
2.975516
2.726517
2.994399
2.765795
3.652244
3.43147
4.522866
4.488482
3.624959
3.926595
3.962151
3.37232
3.644032
3.606218
3.139078
3.191277
3.522413
3.131655
3.18124
3.129399
3.558953
4.090525
3.743276
4.09311
3.455214
3.646009
3.700309
3.931724
3.502034
3.827981
3.585562
3.413557
3.631009
4.049416
3.833469
4.104288
4.535836
5.211962
3.966583
3.890171
4.179923
3.693699
4.156153
4.607481
4.922635
5.765408
6.103577
5.413258
5.279898
6.776309
7.213801
5.613183
5.998052
5.055216
5.677466
5.965662
4.911221
4.805959
4.270257
4.293844
3.863072
5.076173
5.080022
6.125228
5.821906
6.314569
6.305856
6.820831
5.563855
5.875996
5.708039
5.923125
5.604253
4.697688
3.678467
3.769828
4.231672
4.353955
4.21431
5.394492
5.633628
4.631051
5.949882
6.337829
4.790525
4.478698
4.058086
3.920857
4.217272
4.965306
5.446987
4.645473
4.157985
3.437329
3.848997
4.470485
4.336207
4.554204
4.251467
4.329535
3.9872
5.371719
4.501316
4.417777
4.787035
4.992651
5.749352
4.560059
4.247786
4.134252
4.438077
3.926201
4.441063
5.222033
6.422224
5.585241
4.637773
3.846897
4.009707
3.834699
3.455521
3.594476
3.963394
3.592345
4.090906
4.399524
4.343447
4.466804
3.464547
3.771872
3.946248
3.567028
3.866202
3.510667
3.548619
3.90315
3.68633
3.686514
3.322719
3.905754
3.701626
3.131327
3.045444
3.610186
3.628378
3.281031
3.552147
3.689342
3.902246
3.587065
3.118087
4.350815
4.582451
5.831631
5.235069
5.026865
4.249563
4.607569
3.685889
4.686064
4.431441
5.031731
4.11844
3.994207
4.683873
4.566949
3.878641
3.829824
4.065521
3.284525
2.999365
3.097783
3.794642
4.058319
4.095024
4.390175
4.212996
4.01954
3.957327
4.211934
4.595588
4.009649
3.608788
3.754032
4.421336
4.604776
4.40937
4.404183
4.200114
5.18044
5.597977
6.241031
6.6221
6.147446
7.136963
5.431193
6.739353
5.975845
5.927851
4.959525
4.646829
4.133498
3.329874
2.842923
2.814351
3.297051
3.288813
3.03336
3.377019
3.83038
4.420764
3.586658
3.33334
2.890292
3.398766
4.011526
2.98954
3.612108
3.598298
3.778166
3.928292
3.661601
3.759359
3.70527
3.697734
3.318364
3.789416
4.010298
3.95935
3.431932
3.369296
3.418768
3.806133
3.489587
3.659808
3.57738
4.172891
4.186522
3.729304
3.753868
4.014749
4.067867
4.235459
3.578337
3.331946
4.014759
4.184845
4.314206
5.167381
4.836909
4.386481
4.160385
4.571018
4.623557
4.235417
3.280988
3.453919
3.616685
3.837577
3.607367
3.973688
3.454652
3.366805
3.463671
3.201407
3.392836
3.41337
3.70389
2.781419
2.481867
2.808276
2.615469
2.514619
2.772428
2.427791
2.734488
2.429132
2.642875
2.818727
3.007332
3.349198
3.386855
3.308579
3.459411
2.819887
3.009327
3.442818
3.252319
3.218197
3.526236
3.890089
4.042519
3.902446
4.187224
4.042567
4.299852
4.339698
3.639694
4.558703
4.283705
4.218136
4.482681
3.794852
3.560426
4.637673
5.920578
5.840373
5.599025
5.991516
6.334373
6.696182
6.199377
5.595457
5.800951
5.551386
6.268116
6.017324
6.783688
7.586365
7.197302
6.465015
4.629065
4.233926
3.743453
3.631729
3.62484
4.204
4.588991
4.367406
4.979665
4.387474
4.784383
3.891088
4.042022
4.361622
5.089247
5.227558
4.886869
4.581132
5.657577
4.929578
5.813437
6.408536
7.803165
6.877528
5.465827
6.247427
6.652511
6.892082
6.433375
6.971536
5.50752
5.243355
5.236494
5.427903
5.684535
6.457057
6.387855
5.711994
5.977881
6.121449
6.155779
7.127106
6.969204
6.57562
6.530457
6.984292
5.380788
4.526313
4.49785
4.642392
3.765123
4.022794
4.50371
5.182332
5.282629
5.593605
4.60827
4.760162
4.401683
4.217523
3.904459
4.35085
4.635953
5.452981
6.800829
7.550008
7.82401
6.867912
6.137243
6.754933
7.137747
7.589149
7.271578
7.640727
8.578087
7.929941
7.421946
8.795301
7.439356
8.137842
7.873405
6.425339
6.135963
5.380588
4.960109
4.317719
4.25769
5.62488
5.217297
5.256133
4.958735
5.137828
5.100658
5.951215
5.899402
5.765917
4.912016
6.296696
5.119745
6.109023
6.653335
5.898958
5.073479
5.305122
5.372172
6.486519
5.353568
5.492361
5.29356
5.240369
5.725204
5.29682
4.854216
4.626901
4.470148
4.940822
4.706599
4.411416
4.692222
5.038047
5.082271
4.542207
4.319795
4.187023
4.303977
4.827172
4.273581
4.734098
5.004193
4.337887
3.647908
4.24597
4.415031
3.821042
4.193443
3.660423
4.341171
4.443919
4.922166
4.996587
4.066368
5.105666
4.523119
4.047531
4.676146
4.99778
5.01982
5.269396
5.211146
5.923011
3.966767
4.475268
4.280646
5.060686
5.334878
6.077083
6.452123
6.884662
6.701954
7.015212
7.621814
7.676223
7.003238
6.077115
5.600785
5.879795
5.17117
5.583167
5.81571
6.316981
5.593263
5.078963
5.749063
5.750186
5.938683
4.788087
5.194733
5.052016
5.733626
5.618752
4.775274
4.816843
3.656494
3.557631
4.914583
4.07421
4.400218
3.701052
4.131271
3.96974
3.99023
4.352835
4.802985
4.492982
4.978778
4.284636
4.181035
3.882984
4.127984
4.197792
4.0813
3.438022
3.764155
3.866576
3.431627
3.371914
3.002256
2.724092
3.167984
3.68601
3.357519
3.614744
3.352983
2.480303
2.535259
3.165574
3.216226
3.698531
2.898248
3.050225
3.780123
4.115556
4.208428
4.096298
4.574226
4.568578
4.167874
3.359151
2.544216
3.406666
2.924005
3.380376
3.221887
3.834479
4.295012
4.850279
4.027234
4.116572
3.110831
3.077178
3.613349
2.959818
3.284221
3.641168
3.353834
3.627589
3.780025
3.883101
4.000271
4.682273
4.339949
4.334994
4.26794
4.647013
4.384626
4.127113
4.169632
3.712844
3.48706
2.741651
2.935244
2.459644
2.634547
3.136499
3.165797
3.319278
2.923731
2.936136
3.49657
3.884011
3.40807
4.038526
3.95647
3.093396
3.305223
3.836555
3.440635
3.051651
3.692239
4.451146
4.292429
4.493803
4.306669
4.604391
4.376113
3.574987
3.997513
4.959721
4.530051
4.932975
5.758388
5.959818
5.563411
6.130288
4.946927
4.334149
3.583425
3.698542
4.67787
5.113022
5.633665
4.445039
4.927703
5.18113
4.687552
5.357017
4.97341
5.223453
4.848755
5.208145
6.213609
5.632437
5.789836
5.228289
6.064824
5.982747
6.453773
5.934844
5.489885
5.865768
5.609978
6.405014
6.938498
7.557834
6.004402
6.480489
6.11329
6.174474
5.569181
5.54687
4.682412
4.897833
4.313771
5.476729
4.766788
4.906993
4.933506
5.111122
5.59019
5.603094
5.525127
5.841034
5.4939
5.57927
5.6167
5.4656
5.529578
5.234982
4.920456
5.804114
6.143135
5.269511
6.462604
6.606174
7.963757
8.664079
7.758612
7.035665
6.818265
7.17939
7.21831
8.349974
7.825807
8.013166
7.168371
7.038415
6.612631
5.862179
7.613296
6.208672
5.544086
7.73285
7.952323
6.808839
7.360421
7.139073
7.125117
6.942146
6.779692
6.079779
6.254914
4.576138
5.916558
5.465594
5.834706
5.562636
5.055282
5.256955
6.471102
6.342839
5.856887
5.433583
6.404863
5.807014
5.984823
5.908764
5.544646
5.455398
5.781797
4.815827
5.202932
5.626551
4.87625
4.93078
4.638289
5.450524
5.670374
5.836245
5.291323
6.102256
5.092707
5.755094
5.13414
5.709244
4.681787
4.093675
4.914832
4.330564
4.341048
4.206183
4.275461
4.340402
3.949018
4.185299
4.1519
4.541907
4.729365
3.65995
4.432298
3.735013
4.926663
6.217901
5.351007
4.424471
4.186366
5.137944
4.45789
5.400431
4.506542
4.212684
3.776959
4.071497
4.626267
3.533979
2.663261
2.841345
3.464385
3.963064
4.11625
3.556949
3.33181
4.307321
4.368535
4.32716
4.400741
4.313536
3.851098
3.390944
3.005411
3.5524
3.383204
4.037645
3.767995
2.939203
3.12134
2.880766
2.710837
3.320669
3.22366
3.304496
3.08363
2.764046
2.876547
2.833877
3.726131
3.890689
3.875292
4.373203
4.059506
4.504731
4.312256
4.940459
4.01205
4.641748
3.815608
4.644761
4.074813
3.557917
3.936651
3.517719
2.760647
2.704761
3.345827
3.022366
3.527521
2.988955
2.762894
3.105641
3.342214
3.026757
3.197612
3.813314
3.150677
3.463154
3.206972
3.661535
3.702538
3.542257
3.515767
2.938609
3.544737
3.782914
4.014171
3.652166
3.793703
3.594407
3.537333
3.207231
4.578432
4.470684
4.001002
3.251413
2.833982
3.236791
3.418796
2.932744
2.535038
2.376019
2.134864
1.92308
2.215967
2.305112
2.071675
2.129793
2.110667
2.149801
2.219122
2.008844
2.259096
2.488057
1.961282
2.006749
1.845429
1.659139
1.937248
2.015156
2.341393
2.694554
2.487405
2.429966
2.929581
2.642986
3.012781
2.587215
2.545465
2.606107
2.26584
2.204731
2.35395
1.952918
2.690095
2.604917
2.147209
1.993615
2.032276
2.358847
2.356447
2.796208
2.527505
2.815774
2.853732
2.620832
2.853212
2.696573
2.912391
2.772245
3.019257
3.083372
3.032503
2.89103
3.126114
3.368959
3.168535
2.987221
2.865559
2.90239
2.903054
3.050026
3.759119
4.221689
4.10673
4.092466
4.437206
3.517657
3.462113
3.24061
3.580975
3.238504
3.125442
3.645156
2.892387
3.662518
3.6998
3.618411
3.779925
4.011974
4.648939
4.779364
5.550388
5.723234
5.679872
5.934185
5.644573
6.26371
6.536473
6.684739
6.645609
7.008925
6.902858
6.158014
4.718128
5.385102
5.773023
6.048012
6.291942
6.078857
5.100249
4.688634
4.51139
4.262727
4.875792
4.728675
4.928146
4.810903
5.14697
5.832664
4.464295
4.532457
4.29287
4.158402
4.217095
4.065172
3.950247
3.488748
3.516655
4.370957
5.406681
4.824459
4.731208
4.845388
5.657608
5.378933
4.501055
4.788082
4.580914
5.372867
5.416927
5.702294
5.796845
4.855341
4.987512
5.82766
6.536336
7.159304
7.037614
7.17122
6.318922
6.504194
5.678246
6.393208
6.256068
8.155564
7.718896
7.522937
7.115288
8.106276
9.218927
9.554842
9.288047
8.322602
7.609201
7.791537
8.335177
8.699685
8.339815
9.147313
9.871621
10.3186
8.053913
8.433479
8.537537
7.922067
8.941716
7.877765
8.061433
9.715373
9.486206
9.631479
10.28796
10.60046
8.285207
8.818246
8.006005
7.052753
6.791876
8.462718
7.60162
7.390848
6.899607
8.827362
8.981973
6.797993
6.603084
5.878945
7.305447
6.993807
5.497984
5.834829
5.643442
6.027277
7.385612
6.705187
4.941124
4.365185
5.397898
4.344082
4.553334
4.84187
4.977671
5.013982
4.557518
4.316539
4.261189
4.345971
4.538717
4.576566
4.256836
4.839795
4.605943
4.33289
4.505336
4.18864
4.455451
4.914506
5.036277
5.048498
5.137408
5.172975
5.177826
4.543607
5.065112
6.288068
6.676347
5.899707
6.812023
7.629487
6.777858
7.601262
8.890169
7.968658
7.31972
6.5027
6.328995
5.691697
5.921281
5.906413
5.329725
5.109998
5.877787
4.596925
5.008865
5.063161
5.274853
5.342808
4.353905
4.207561
4.080427
4.587476
4.521728
4.102903
3.570563
3.911178
4.253952
4.361727
3.550776
3.973135
3.699085
3.25431
2.82591
2.969617
2.875093
3.366732
2.751079
3.500607
4.360101
3.206883
2.777766
2.91276
2.784753
3.0891
3.337012
3.024352
3.408978
2.755897
3.270438
3.136486
3.172903
3.62046
4.130268
4.88258
4.31115
4.545737
4.644778
5.226179
6.500265
6.171774
5.836129
5.964885
5.212389
4.869023
5.149715
5.538037
6.982009
7.287043
6.750412
7.0343
6.833275
6.290093
5.676536
6.280114
5.648036
5.815301
6.025307
6.914944
5.524645
4.685266
5.949142
5.762707
7.003233
5.729257
5.632642
4.830924
5.712269
6.681485
6.86639
8.102529
5.827597
5.733006
4.976006
5.883747
5.271837
5.460422
5.175163
5.255597
6.463634
6.59734
5.370051
5.985536
5.922982
5.84439
6.928709
6.914412
6.575211
5.360465
5.290813
4.661333
4.496831
6.040977
5.753128
5.509512
5.663566
5.205425
5.63984
5.142705
5.624123
5.181828
5.444967
5.480678
5.367843
4.994409
4.974532
5.139087
4.611064
4.239994
5.137604
4.366343
4.514111
4.481566
5.831988
4.996661
4.97811
5.328887
5.142549
4.527466
4.708677
5.436361
5.228757
3.667344
3.105163
3.460148
2.806391
2.792174
2.611815
3.019267
3.490382
3.614497
2.988274
3.181394
3.395121
3.622057
3.367322
3.663808
3.95948
4.133852
4.022996
3.606647
3.84757
3.428067
3.7155
3.270876
3.933906
4.62123
4.477752
3.713874
3.710387
3.091112
2.766378
2.806433
2.961094
2.81621
3.031565
3.320877
3.363916
3.347507
4.618161
3.679477
3.735975
3.769177
3.516121
3.524127
3.668753
3.613783
3.140515
3.529141
3.213142
3.583494
4.269366
4.749488
4.926577
4.883502
4.651802
4.974843
4.458919
4.494658
3.987382
3.159235
3.154853
3.057248
3.36811
3.452449
3.800435
3.692405
3.890564
3.938062
4.367495
4.215339
3.799677
3.515992
3.073493
3.215518
3.466576
3.564636
3.19066
3.287067
3.871227
3.714861
3.122939
3.310741
3.324728
3.688504
3.809969
4.624422
5.204322
5.493572
5.204128
5.607596
5.005059
5.515604
4.703947
4.816122
4.555503
5.019045
5.099521
4.170077
4.180342
3.662099
3.576669
3.05633
3.631787
4.102759
4.509401
4.32228
4.07147
4.473838
3.693838
4.19108
4.742085
4.54322
5.204422
4.480397
4.640734
4.415961
4.064755
4.147485
4.36029
4.700633
5.151544
4.241883
4.429641
4.013109
3.948968
4.883334
4.216962
4.106865
4.384048
4.389098
4.309771
4.105983
5.013352
4.794
4.578947
4.260972
3.861503
4.340075
4.382062
4.007713
4.014932
3.17706
3.22607
3.472805
4.06626
4.218768
4.658894
4.436774
4.230381
3.696326
3.812207
4.254941
4.518792
4.187238
4.873731
5.303445
5.20714
5.067188
5.057343
5.194106
4.057996
3.540105
3.588719
3.153335
3.883925
4.640948
3.681092
3.511858
3.342499
3.425095
4.354624
3.506575
3.081781
3.525365
3.564677
3.387028
3.909842
3.955711
4.170706
5.428215
5.261638
5.317648
5.043057
5.448464
6.394343
7.163487
7.904093
8.109248
9.318524
8.052589
7.912207
7.32951
8.280662
7.10718
6.553637
5.637326
6.184616
7.203117
7.275045
9.469565
8.133898
6.889836
6.910979
7.08661
6.910366
6.502297
7.268471
7.840992
6.382486
6.312964
5.930362
7.205617
5.987152
6.215848
6.407888
7.273391
8.181017
7.872023
7.074399
6.318465
7.479238
7.019077
5.517191
5.739633
5.012346
5.23212
4.432098
4.474078
5.294286
4.578465
4.562521
5.066703
4.790381
5.017758
4.631668
4.083852
4.288084
4.428475
3.858936
4.612821
4.431301
4.202416
3.96928
4.064143
4.854747
3.690639
4.216991
4.419858
3.512859
3.719637
3.846875
4.030746
4.669349
4.355807
4.58124
5.05962
4.6593
5.114067
5.562285
4.473173
5.13691
5.160798
5.366346
4.116459
4.365946
4.401629
5.226478
3.962664
3.593587
4.108377
3.932009
4.244149
3.854803
4.213744
3.200161
3.397944
3.940986
3.027562
3.231815
3.282151
3.460364
3.392705
3.60568
3.841775
3.48452
3.930027
3.627772
4.128287
4.008002
4.826265
5.273531
5.173811
5.180547
4.668073
5.517237
4.268474
4.113753
4.919837
4.371709
4.54744
4.675025
5.902592
4.571779
4.170906
4.399985
4.044036
4.237409
4.146158
3.848334
4.055805
3.798486
4.014711
3.755156
3.630182
4.160643
3.514527
3.660137
4.221136
3.639106
4.060499
4.826206
5.053348
5.103675
5.704668
5.594775
6.174726
6.109962
5.676555
5.664426
7.594482
5.919664
5.551944
4.735497
4.350604
3.60298
4.669505
4.922866
4.885158
4.699734
4.288731
4.322592
4.389801
4.837757
4.898356
4.521119
4.574027
4.862625
4.338098
4.78924
5.110235
4.107444
3.964201
4.343313
3.561408
4.136585
3.614045
3.613393
3.266824
4.053554
3.581672
4.877773
5.433879
5.867306
4.851035
5.308202
4.38489
4.043085
4.751729
4.906149
5.044074
4.89882
5.197962
4.850936
4.576406
4.329527
5.007132
5.642656
5.898544
5.966219
5.988671
7.30658
7.791282
8.790721
9.675593
7.857324
8.080214
7.856343
7.92903
6.597447
4.947915
4.059091
4.772783
4.682995
4.048454
4.125709
3.638671
4.26567
4.514764
4.947765
4.194178
4.666258
4.512598
4.350719
5.05338
5.230091
4.479539
4.630763
5.257174
5.804299
5.224528
4.611909
5.626548
5.756893
6.577141
6.34954
5.476195
6.979368
6.472888
5.181852
5.580394
4.408589
5.395109
5.970825
5.411747
5.60356
5.419325
4.879903
4.842564
5.4843
5.715588
5.429411
5.041292
5.729234
5.136279
6.543451
5.839932
6.562709
9.458491
8.36238
8.17612
7.882357
7.653103
5.970307
5.256868
5.972733
5.759727
5.561053
5.803455
6.378223
7.958262
6.075037
6.37295
7.259992
6.115749
5.816361
5.036062
5.772605
6.209107
5.942159
6.89715
6.927118
7.782992
6.032579
5.612428
5.496954
5.868565
5.173486
5.709301
5.229721
6.470946
6.533331
6.101322
6.56144
6.797264
5.987418
6.568313
7.23875
6.853462
6.339914
5.777673
4.774643
5.19273
4.354254
3.437072
3.840125
3.263108
3.181908
3.28909
4.757735
4.422957
4.152906
4.388338
3.897018
4.978293
5.197066
5.160784
5.319472
5.330002
4.633423
4.077553
4.345701
4.882037
4.669595
4.031392
3.657163
3.407668
3.367634
3.450272
3.318007
3.674074
3.401704
3.137061
3.533687
3.708005
3.744506
3.599611
3.601521
3.787762
3.598772
4.887171
4.655595
4.563003
4.692104
4.551865
4.851239
5.055008
6.199535
5.864305
4.45526
4.857336
4.631315
4.484432
5.527618
6.01777
5.517963
4.660256
4.78498
5.327666
5.384799
3.567151
3.822585
3.903893
4.103991
3.999693
5.01515
4.189444
3.334276
3.287851
4.517227
5.535915
5.14412
5.053194
5.425478
5.089412
4.659124
5.172258
5.570372
5.7921
5.832046
6.505931
6.104586
5.19594
6.87821
7.333722
6.309026
5.89538
5.55371
5.291562
6.030564
5.906763
5.000604
5.607744
5.249147
4.075114
4.903031
3.550727
3.598976
3.838034
4.524881
4.212826
3.53368
3.93213
3.862505
4.179681
5.549957
4.581723
4.577987
4.114191
4.449853
4.732834
4.974221
5.634492
5.566443
5.488635
5.195102
5.151544
5.358743
4.925534
4.658214
4.632787
5.312481
5.365521
6.385776
5.801646
5.269119
6.230986
5.753602
5.393933
6.456292
6.553193
6.746721
6.20314
6.897843
7.931174
7.410936
6.661299
6.942169
6.993999
6.945737
6.443572
6.155306
6.469282
5.170963
5.556152
6.007587
7.232188
6.798308
6.274013
6.333593
5.874444
5.381423
4.548414
5.287108
5.755158
4.703911
4.328916
4.703725
4.469947
5.083403
5.058495
5.392763
4.513016
4.114812
3.640789
3.094216
2.548634
2.719791
2.949035
3.71299
2.705429
3.135425
2.593076
2.835038
2.826698
2.521724
2.216548
2.124989
2.720367
2.817278
2.968054
2.631234
2.846515
2.728581
2.090775
2.217974
2.461919
2.698388
2.47645
2.959668
2.592897
3.263415
3.195629
3.207805
2.978985
3.281228
3.212312
2.999715
3.310466
3.142278
3.233052
3.141173
2.909011
2.919141
3.159229
2.98979
3.390017
3.26377
3.458441
3.726886
3.73415
3.586069
3.317906
3.439755
2.782677
3.167611
3.400153
3.802805
4.131817
4.285193
4.786405
5.065049
5.010486
5.159023
4.815632
4.750968
4.63507
4.189991
3.914443
4.229143
4.303731
6.486141
5.904066
5.876031
5.512524
4.792276
5.17482
5.79901
5.274636
5.010082
4.953621
5.304132
5.451922
5.856312
4.166578
4.673804
4.362769
3.925347
3.78767
4.177536
4.025288
4.110907
4.098281
3.545224
3.788919
4.198494
4.121172
3.855695
3.273469
3.295122
2.794379
2.9091
3.471738
2.925863
3.823366
4.130724
3.467949
4.186286
3.866899
4.356212
3.961105
4.558748
3.71657
3.225232
3.009612
3.524919
4.470439
3.57847
3.737849
3.645504
3.720844
3.632239
4.163579
4.632604
4.190796
4.728635
4.651815
3.971913
4.395496
4.024749
4.330903
4.688015
4.837537
5.026834
5.971551
5.963745
5.799166
5.737919
5.535311
4.626608
5.22659
4.483835
4.268351
4.568301
3.784564
3.895225
4.072245
4.004483
3.442564
3.400698
3.198632
3.443786
3.493676
3.646424
3.761481
4.258625
4.682391
3.578163
3.929536
3.976648
4.452127
3.926089
4.301521
4.321334
4.50515
4.92128
4.527216
4.342967
4.327871
4.851583
5.82367
4.83588
4.344961
4.786308
5.969106
5.236993
5.100801
5.517459
4.577244
5.647244
5.54555
5.768578
5.926772
5.126167
4.640737
5.133552
6.075721
5.137864
5.391178
4.825251
4.255186
4.769737
4.922573
5.117047
4.370268
4.661429
4.038327
3.990508
4.010305
3.076431
3.718756
3.578496
3.894203
3.676493
4.941167
4.205288
4.147537
4.781002
4.210289
3.994188
3.712315
3.793088
4.081933
3.523801
3.217287
3.76508
3.128983
3.401427
2.947236
3.419238
3.268012
3.165956
2.874669
2.531379
2.691998
2.966433
2.555126
2.534741
2.955133
2.741367
2.867439
2.774931
2.862416
3.153356
2.861793
3.350222
2.87685
3.14927
2.8811
2.859994
3.100323
3.280123
3.570563
3.482825
3.335616
3.126395
2.881648
3.035253
3.816793
3.150821
3.291578
3.545942
3.144466
3.222581
3.071477
3.474743
4.262866
3.489283
3.994871
3.541076
3.809629
3.092442
3.291421
3.012118
3.345757
3.362072
2.380615
2.651139
3.003978
3.947298
4.13881
4.534062
4.091433
4.295397
4.101562
3.976135
4.398949
5.019515
3.861384
4.346108
4.006283
3.608815
2.946408
3.421902
3.370488
3.278115
3.806326
4.269772
3.542272
3.476015
3.509575
3.653448
3.956346
4.252069
4.083721
4.402981
4.129069
3.990184
4.402137
4.76613
4.316865
4.229659
4.356924
3.624406
4.740472
5.337415
5.409949
5.532638
5.01525
3.843572
4.096919
3.54002
3.146517
3.391003
4.387454
4.093362
4.150301
4.616369
4.81939
5.297594
5.932789
5.14586
3.580839
4.382442
4.248234
4.027882
4.321811
4.510105
4.124833
4.894641
5.57238
4.585802
4.038498
3.610321
3.960016
4.791002
4.374255
4.053238
4.75747
4.491103
4.823177
5.092394
5.538194
5.438754
5.708044
7.002442
7.753048
8.34869
7.584753
6.36999
5.743998
6.315394
11.65215
6.496982
4.292014
3.53188
3.071419
2.980235
2.804927
2.281313
2.571404
2.377597
2.067959
2.101594
1.834068
2.135447
1.92772
2.364029
2.307831
2.232524
2.077463
1.910507
1.910791
1.762222
1.55661
1.531774
1.649834
1.554778
1.859439
1.812133
1.917467
1.66857
1.649491
1.760666
1.712905
1.297332
1.406552
1.395506
1.246265
1.285411
1.057967
1.089562
1.12257
1.127415
1.116651
0.9252453
1.138639
1.152881
0.9527045
1.028813
1.090481
1.038937
0.9313082
0.9730708
0.9815125
1.040389
0.9526295
0.8398959
0.954065
0.7871141
0.8422886
1.001729
1.170306
1.029082
0.9156564
0.7614891
0.6303785
0.6027649
0.5943184
0.6725437
0.6034902
0.5675374
0.4978364
0.4439336
0.4388158
0.4561873
0.5303246
0.5135673
0.4918907
0.5012245
0.5199377
0.5315106
0.5324453
0.5183424
0.4853131
0.5521708
0.6077885
0.6148033
0.6471143
0.6183632
0.5476516
0.4497354
0.5148114
0.4411011
0.4833006
0.466022
0.5404112
0.4805551
0.4468218
0.4955169
0.5205995
0.5821515
0.4371935
0.4750703
0.4869513
0.5281235
0.4065886
0.4212219
0.4536695
0.4966679
0.4573086
0.3824335
0.3280519
0.2927707
0.3384754
0.3603738
0.303429
0.36282
0.4385589
0.4180064
0.3853264
0.3774813
0.3746774
0.4005763
0.3532802
0.3478177
0.431263
0.4317769
0.3602914
0.3759314
0.3336141
0.3089479
0.3347646
0.2932217
0.3330495
0.2839392
0.2998377
0.2664428
0.2537774
0.229044
0.2842535
0.2825724
0.2537882
0.257161
0.2327744
0.2369802
0.270661
0.2929828
0.2703815
0.2685358
0.2291711
0.2464963
0.2501607
0.2388231
0.1812854
0.1677037
0.1745279
0.15448
0.1787498
0.1577853
0.1679955
0.1814846
0.1689092
0.1642362
0.1855552
0.1751162
0.1546412
0.1315345
0.1570228
0.1640962
0.1741938
0.1596557
0.203293
0.1857139
0.1791162
0.1951935
0.2186436
0.1873006
0.1763363
0.2055087
0.1917063
0.2227946
0.2367348
0.2522601
0.2432719
0.2621903
0.1979184
0.2181556
0.214693
0.2280825
0.2493869
0.2536605
0.2385821
0.2383495
0.257045
0.2782406
0.236815
0.3073172
0.2728856
0.3128311
0.2967724
0.2993964
0.3375224
0.3257895
0.3010119
0.3410037
0.338892
0.3107473
0.3396229
0.3382274
0.3188672
0.3448074
0.3471139
0.3852546
0.4212473
0.3827051
0.3934938
0.3626987
0.3583684
0.3681703
0.4076265
0.3680957
0.4585819
0.4052933
0.4872348
0.3742508
0.3663225
0.3424663
0.4057542
0.4146035
0.3938984
0.37833
0.3631507
0.3657844
0.4084138
0.4246479
0.4189485
0.3277373
0.3371146
0.3064556
0.3421449
0.3607462
0.3444989
0.3281348
0.3654074
0.3606108
0.3723733
0.3584015
0.3952727
0.4479059
0.3697798
0.4103079
0.37318
0.3754613
0.3582415
0.3894306
0.363238
0.3304497
0.4231111
0.4865411
0.4727828
0.3602072
0.3496141
0.3891531
0.3858546
0.4144886
0.480083
0.4650759
0.4492243
0.5213895
0.4419755
0.5281648
0.4931766
0.5033776
0.4261597
0.4191993
0.42686
0.4339051
0.4834776
0.3963964
0.4507032
0.4004208
0.4404737
0.4786368
0.4488136
0.582252
0.6956593
0.6102666
0.5123512
0.548932
0.444488
0.3889295
0.455309
0.5402788
0.5502206
0.6331228
0.5659163
0.7580958
0.5882662
0.4811902
0.534005
0.4548377
0.3183265
0.3847896
0.4096338
0.4333548
0.5666978
0.5726292
0.5766521
0.6009377
0.5988837
0.6012417
0.6062029
0.5742801
0.5825809
0.5135068
0.4716656
0.5327397
0.6031158
0.7018124
0.8232806
0.7632408
0.7469422
0.7206144
0.6624869
0.6165318
0.7093086
0.5734902
0.6472529
0.6940412
0.6198285
0.7713205
0.7608144
0.7696146
0.5507686
0.5881795
0.4779343
0.6050748
0.5126883
0.4447918
0.568273
0.5662983
0.4707075
0.5382862
0.586821
0.5640115
0.4974258
0.5398523
0.4488298
0.4012772
0.4136749
0.4223486
0.520398
0.4980065
0.5844085
0.6555609
0.529145
0.3737389
0.3727734
0.3749627
0.273069
0.3439816
0.3516893
0.2771148
0.2945498
0.3156542
0.2885195
0.282148
0.2556531
0.2471188
0.2863524
0.2504946
0.236834
0.2651494
0.2585401
0.2415756
0.2680373
0.227283
0.2669117
0.2899168
0.3075888
0.3103228
0.2701997
0.2682591
0.2902743
0.2299745
0.2823297
0.2107401
0.2199717
0.2506268
0.229116
0.2545004
0.2652972
0.2435096
0.2772703
0.322144
0.343431
0.329136
0.311881
0.3438234
0.3943342
0.4191016
0.4506482
0.4920781
0.5972924
0.4768743
0.4452461
0.4626546
0.4164017
0.3450809
0.3733535
0.3382265
0.4061374
0.406426
0.4718602
0.4320086
0.4113886
0.3845491
0.3700576
0.4208174
0.3716035
0.3355649
0.348353
0.3519378
0.3087272
0.3477342
0.3578863
0.4483688
0.4083778
0.4464838
0.5219533
0.4576132
0.3944944
0.3616563
0.338164
0.3142544
0.3087093
0.2865736
0.3146517
0.3451729
0.3187199
0.331106
0.3375119
0.3920576
0.3604029
0.3432426
0.3403866
0.4376567
0.4945246
0.355545
0.4185424
0.4186425
0.378936
0.3437969
0.3263162
0.33643
0.4169281
0.4447373
0.4586286
0.3926614
0.3983559
0.3702347
0.4055442
0.3047323
0.2940438
0.2912563
0.2894316
0.3108811
0.2796168
0.2922198
0.4100628
0.3349604
0.3391091
0.291068
0.3046141
0.2580715
0.2358358
0.2767794
0.2952295
0.2568888
0.3181
0.3714131
0.3617497
0.395857
0.3766377
0.4278133
0.3655077
0.3447092
0.3402621
0.3349952
0.3930233
0.4507014
0.5058983
0.4077658
0.3873369
0.3517613
0.3155415
0.3248683
0.2827797
0.3932327
0.3516478
0.4471426
0.4742454
0.5293156
0.5262316
0.5371535
0.5952925
0.5702255
0.6057025
0.5955478
0.5137224
0.6011548
0.5914058
0.6066551
0.6942122
0.7149651
0.6665543
0.7273175
0.6087758
0.6462087
0.5429823
0.654204
0.6020524
0.6005214
0.5587601
0.5540095
0.5843859
0.7465312
0.7031374
0.7209531
0.803578
0.7814118
0.8067173
0.8663212
0.8302009
1.004854
0.8415991
0.9818619
0.8658425
0.827488
0.7745856
0.6819999
0.67263
0.6500427
0.6735374
0.6083182
0.6026294
0.6345625
0.6441661
0.7140309
0.6271646
0.6877468
0.5922376
0.4817027
0.4634636
0.4818618
0.4943411
0.4524612
0.5488922
0.605529
0.6596802
0.5243193
0.4324433
0.4972524
0.4890169
0.5183818
0.539662
0.5056067
0.4904782
0.4723429
0.5089849
0.5385074
0.5391071
0.5817567
0.5692209
0.5389261
0.5930299
0.577428
0.5290597
0.5451755
0.5365719
0.464135
0.434594
0.48063
0.5319718
0.4812951
0.4295008
0.4722184
0.674181
0.6037968
0.4768888
0.5279172
0.5764192
0.6226195
0.5322337
0.4865732
0.6514303
0.7346851
0.7562059
0.785036
0.7021994
0.6321399
0.6547039
0.6462819
0.6477773
0.6127084
0.5538008
0.5209407
0.6097197
0.5897316
0.5299345
0.691713
0.8067162
0.6719518
0.5250713
0.5785457
0.5442222
0.5488585
0.5230779
0.5066957
0.5892415
0.5602958
0.5956973
0.5489783
0.6238546
0.5435385
0.515029
0.614354
0.7084742
0.6974498
0.5922502
0.6347454
0.8919367
0.7675984
0.8192579
0.7695424
0.6987891
0.705499
0.7489096
0.7404563
0.700853
0.6902982
0.6346973
0.6067356
0.6137726
0.6151794
0.6999315
0.6945335
0.7274834
0.815862
0.6592575
0.6149895
0.6639629
0.768761
0.8349491
0.8431223
0.9742786
1.045107
1.068928
1.078672
1.128324
1.320969
1.216278
0.9909196
0.8896183
0.8593991
0.7590159
0.850759
0.8875109
0.6809854
0.7917645
0.8205197
0.8198561
0.7371989
0.671504
0.6551307
0.724096
0.9986521
0.7418553
0.7919881
0.8549173
0.8761576
0.8751541
0.9632192
0.8923097
0.8462776
1.076558
1.058554
1.066763
1.167663
0.8683993
0.8242739
0.8370902
0.9264272
1.006973
1.037702
1.0625
1.091433
1.125788
1.033899
1.138769
1.048686
1.120175
1.016272
0.9845434
0.7999629
0.7009151
0.7838569
0.6641435
0.7470787
0.717911
0.6539395
0.6863732
0.7813061
0.7276832
0.8215174
0.7155401
0.5986479
0.555891
0.7805378
0.6394534
0.5662141
0.5627582
0.516633
0.48707
0.4658719
0.480402
0.5573267
0.4598984
0.5137397
0.4838245
0.4983671
0.5483833
0.3903403
0.481706
0.5472283
0.5303793
0.5078351
0.4464308
0.5016317
0.4990129
0.5173756
0.5113473
0.3974446
0.4721503
0.412812
0.4357623
0.4554663
0.4435772
0.4220063
0.4936512
0.4295585
0.4026212
0.3232843
0.3880404
0.4396999
0.3821887
0.5193365
0.5072923
0.4423179
0.4734307
0.3789472
0.3791671
0.3728607
0.4050278
0.4236002
0.4254227
0.426389
0.3980792
0.3322995
0.420401
0.3570099
0.4461683
0.4974086
0.5844936
0.621661
0.6026401
0.5823742
0.5121602
0.5689838
0.5904173
0.5074927
0.5623003
0.5329227
0.6171103
0.6583816
0.7991489
0.9069612
0.874633
0.8805097
0.7694238
0.724884
0.7245521
0.6580049
0.6346877
0.6830269
0.6496705
0.6917866
0.6024218
0.7116969
0.8025141
0.7113294
0.7460837
0.7906734
0.8044313
0.8164372
0.7495615
0.6536934
0.723244
0.7756852
0.6352252
0.6822761
0.6590287
0.6128648
0.5470793
0.6542494
0.70022
0.6601553
0.7315608
0.5792444
0.6071687
0.5623034
0.6111807
0.5726026
0.5831555
0.5728807
0.5888107
0.5810948
0.5996688
0.7147994
0.710411
0.676763
0.7013185
0.713589
0.6403956
0.7277022
0.7155942
0.5831481
0.6820456
0.5757653
0.7406848
0.795881
0.8128586
0.7746602
0.920592
0.7541706
0.8463452
0.8837709
1.053014
0.8237579
0.874634
0.7450094
0.7438487
0.6124313
0.7795762
0.7991704
0.9086306
0.6767166
0.7537317
0.6815075
0.6849724
0.6792636
0.7009919
0.7086243
0.6649287
0.6658844
0.7152542
0.8600079
0.8132396
0.7670095
0.6738671
0.6979059
0.7598253
0.8673119
0.8884888
0.6875137
0.7239077
0.7242858
0.661483
0.7377414
0.6697635
0.6427113
0.6194173
0.6141069
0.6036007
0.6290334
0.5440246
0.572828
0.629831
0.6651935
0.601862
0.5263126
0.5901969
0.5694847
0.5344689
0.5202369
0.5005941
0.4887092
0.4915982
0.4590231
0.4103398
0.4719717
0.4337007
0.4229182
0.5016705
0.4712078
0.4303598
0.354242
0.337329
0.2524284
0.2738563
0.2586354
0.2846154
0.240081
0.263628
0.2827
0.3608708
0.3577031
0.3569111
0.417604
0.3914102
0.405769
0.4104084
0.3798171
0.3398142
0.3045785
0.2682124
0.3153517
0.3552033
0.2923429
0.2979596
0.3165341
0.3744761
0.3384836
0.3318538
0.3648491
0.2928108
0.3148247
0.3237456
0.3045936
0.2527445
0.2815818
0.2777406
0.2800022
0.2969386
0.3195023
0.2995614
0.2977694
0.2793327
0.2825471
0.2613375
0.3056284
0.283887
0.2731256
0.2693657
0.3143617
0.2390738
0.234963
0.2223081
0.2642961
0.2452012
0.2237765
0.2072905
0.2483146
0.2046676
0.2015234
0.2019819
0.1770173
0.1513318
0.1573301
0.1693402
0.1435208
0.1581959
0.1881473
0.1868122
0.1669164
0.1506796
0.1250324
0.1791308
0.1712501
0.1707715
0.1604757
0.2100354
0.2023981
0.1946326
0.1853038
0.1990634
0.1613058
0.1891366
0.2277474
0.2260139
0.2341272
0.2108257
0.18089
0.2275608
0.1988401
0.2121124
0.2131622
0.2164294
0.2311587
0.2486485
0.3017083
0.2103408
0.2502485
0.2281983
0.2413205
0.1886323
0.2449828
0.2510411
0.2303951
0.2042675
0.2121884
0.2102068
0.2168387
0.2240743
0.2460585
0.26528
0.268541
0.2566331
0.267563
0.2690818
0.2372503
0.3178057
0.2941871
0.2668258
0.3035437
0.3072098
0.3417589
0.3328652
0.3263289
0.3066909
0.3071201
0.3037449
0.2724827
0.2597024
0.2416756
0.2472544
0.3176593
0.2275364
0.278117
0.2719503
0.3031454
0.3049655
0.2905621
0.3520052
0.3003614
0.2735067
0.2200881
0.2251393
0.1993787
0.2438347
0.2443958
0.2267246
0.2236223
0.2143857
0.2146329
0.256568
0.2534537
0.2596994
0.3094106
0.2389098
0.2402717
0.214393
0.1966819
0.2223511
0.2356674
0.23738
0.2000278
0.1992092
0.2049452
0.233327
0.2092849
0.1816178
0.202053
0.2246706
0.181786
0.2246064
0.2056862
0.2050125
0.2219315
0.238454
0.2631993
0.2734381
0.2866322
0.2556151
0.2180169
0.2492373
0.2971958
0.2765455
0.2356653
0.2591507
0.2653933
0.2622183
0.2844925
0.3020116
0.2943575
0.2547957
0.3831082
0.3841437
0.4270611
0.3580623
0.3934912
0.3922544
0.3332746
0.4032183
0.385016
0.3814916
0.3412331
0.3277477
0.299
0.2865646
0.2304012
0.236425
0.2338279
0.2028573
0.2175794
0.2288413
0.2380965
0.2616308
0.2560134
0.2956405
0.3208355
0.3679045
0.3805267
0.3180815
0.329951
0.4871775
0.4843659
0.4493834
0.4993438
0.4180838
0.4324721
0.4602713
0.3991341
0.397692
0.3269207
0.3738235
0.3632889
0.4584495
0.3466649
0.4227092
0.4559957
0.4276378
0.4738535
0.4703416
0.5093912
0.4549814
0.4370333
0.4519435
0.4811146
0.4504086
0.4597461
0.4867937
0.5736041
0.6533202
0.6416957
0.620797
0.7395731
0.8257818
0.6434192
0.6543936
0.6312275
0.6678606
0.6922402
0.5953484
0.7036416
0.6107101
0.5812695
0.5852356
0.5663916
0.4012166
0.4516631
0.4647089
0.4545116
0.4312313
0.4040818
0.3873332
0.4655085
0.4605631
0.4546185
0.4449386
0.4902884
0.3905148
0.3745362
0.3027297
0.3117051
0.3563962
0.4125988
0.3728508
0.3616397
0.3517313
0.3559428
0.3122048
0.4101749
0.4599458
0.4195462
0.3674304
0.3662179
0.3621791
0.3105101
0.2709186
0.3454125
0.3043208
0.3008996
0.2642202
0.2657862
0.2584418
0.2555221
0.2142538
0.217737
0.2296719
0.2753541
0.2502054
0.2079847
0.2553703
0.2329888
0.2785832
0.3116876
0.2750267
0.2989596
0.3706409
0.3368286
0.2943171
0.2992683
0.3078166
0.3463981
0.2929217
0.2698251
0.248389
0.2604783
0.2548208
0.3632224
0.341969
0.3909275
0.3952748
0.3213817
0.3195925
0.3274892
0.3917574
0.3570556
0.3864844
0.3740515
0.3548071
0.3427339
0.3859463
0.2806481
0.3496288
0.3384322
0.3060029
0.2496808
0.2802765
0.2443381
0.2851822
0.2364963
0.2598043
0.2387558
0.2365312
0.2510787
0.2541857
0.2953845
0.2764163
0.3189984
0.2895014
0.2726137
0.3343373
0.3681973
0.3444423
0.3088499
0.3499771
0.3273545
0.3630244
0.3924854
0.3248999
0.4015837
0.3524199
0.3898557
0.3706586
0.3130742
0.3511331
0.4067169
0.4554367
0.550729
0.5623985
0.5952761
0.523824
0.4742
0.5494144
0.52046
0.4529988
0.4318974
0.5121836
0.5457807
0.4081393
0.4319578
0.3771041
0.336638
0.2631874
0.2675405
0.3015343
0.2960236
0.3579811
0.40171
0.428313
0.477917
0.5023417
0.4297545
0.4119639
0.3891844
0.4148845
0.4803182
0.4042479
0.3394882
0.3430516
0.3032735
0.4113533
0.4509032
0.4382473
0.4428567
0.5158568
0.4806295
0.4690154
0.5079425
0.3996492
0.3683067
0.3731615
0.3737585
0.5084959
0.4549968
0.3955994
0.4004589
0.3731017
0.3752373
0.3340081
0.2843315
0.2691632
0.237445
0.2572933
0.3222018
0.3413451
0.3492531
0.3563268
0.3819921
0.3844787
0.4390104
0.4653287
0.5042555
0.3645995
0.4714076
0.4419377
0.425985
0.5579646
0.4634565
0.4824803
0.5231334
0.5197282
0.6105996
0.5763213
0.5734435
0.52175
0.527986
0.507853
0.5455391
0.6295304
0.5904649
0.695114
0.744328
0.7225409
0.6333769
0.561675
0.4834421
0.4676883
0.524786
0.5140794
0.5198599
0.4744618
0.4818227
0.4764241
0.4478693
0.4025085
0.3785093
0.3902184
0.4594514
0.441668
0.367636
0.3282085
0.3503992
0.3200311
0.2665575
0.2884494
0.3016574
0.2856947
0.425456
0.4097389
0.344509
0.3594804
0.35383
0.3590248
0.316369
0.3501355
0.3310989
0.3866474
0.3747581
0.3516921
0.3808759
0.3758161
0.3516499
0.3059484
0.2864118
0.2848677
0.2800628
0.2714052
0.2915626
0.2328032
0.218958
0.2874647
0.25514
0.2594629
0.2419205
0.2263831
0.2365395
0.223805
0.2113876
0.2060765
0.233149
0.220917
0.2065096
0.2085107
0.2310891
0.2374462
0.2190514
0.1972407
0.1966504
0.2316926
0.2504205
0.2869607
0.2773424
0.2792008
0.2669867
0.2947929
0.2947514
0.3041923
0.351788
0.2692313
0.2107853
0.285565
0.3050558
0.2805826
0.240407
0.2232312
0.2176324
0.2564661
0.2690214
0.2886562
0.2559764
0.2400992
0.3040637
0.2796031
0.3283112
0.2958367
0.2720564
0.2533428
0.2285237
0.2388554
0.2597371
0.2630436
0.2374702
0.2469774
0.2232255
0.2848584
0.2368359
0.2602455
0.2221229
0.2402453
0.2921455
0.2533232
0.2669251
0.2685302
0.2873694
0.2478371
0.2988306
0.2698876
0.2313351
0.2257029
0.2471658
0.1934651
0.2078205
0.2447541
0.2253238
0.2741462
0.2653873
0.2682613
0.2954073
0.291105
0.2919957
0.2786292
0.2667271
0.2653092
0.2502885
0.2515754
0.1998111
0.2151486
0.2324512
0.2359714
0.2509498
0.2827591
0.2705831
0.2382601
0.2667662
0.2355065
0.227303
0.2351467
0.2319802
0.2034271
0.1869742
0.2002667
0.1621884
0.1733081
0.2037233
0.1523183
0.1665994
0.1563665
0.1616019
0.1924857
0.171153
0.1717305
0.1910933
0.2161027
0.1854949
0.2101383
0.2302943
0.2240085
0.2174251
0.2024673
0.1863257
0.2139261
0.2120519
0.2032031
0.2196559
0.2275717
0.2150129
0.2133069
0.1947027
0.2061773
0.2174424
0.2219243
0.1940862
0.1843316
0.1971504
0.1587497
0.1536809
0.1442798
0.1736897
0.1915654
0.1721698
0.1681234
0.1812873
0.1970117
0.1670679
0.1581046
0.1818936
0.208406
0.2186151
0.1654909
0.1700312
0.2049749
0.1871769
0.1957717
0.2051548
0.2114215
0.1919111
0.1722915
0.2276275
0.2363121
0.2169875
0.1987333
0.1826149
0.181004
0.1775191
0.1877182
0.2424097
0.2256015
0.1800729
0.1936945
0.205061
0.1801267
0.161266
0.1658894
0.2135231
0.1777059
0.1832135
0.1824195
0.2278807
0.2165859
0.1994148
0.2430539
0.2414252
0.2348571
0.2560301
0.2315252
0.2611286
0.2347987
0.247894
0.2371155
0.1917559
0.2423729
0.2482915
0.279144
0.2814513
0.3194851
0.2948943
0.3103936
0.290076
0.2665512
0.3718767
0.3808897
0.3525058
0.3150786
0.3843025
0.3731569
0.3757278
0.4142204
0.4167998
0.3691851
0.4400971
0.4667775
0.3727957
0.4088467
0.3607002
0.3668981
0.3807173
0.3458654
0.3011573
0.3189251
0.2845904
0.306435
0.3573407
0.2915381
0.368259
0.3125228
0.288546
0.3249972
0.3360431
0.3060499
0.3018619
0.2990222
0.3457532
0.321209
0.3052744
0.3876981
0.3787859
0.419742
0.4928706
0.5233912
0.5710654
0.5630772
0.607643
0.5131817
0.6008031
0.6323918
0.5480178
0.5392307
0.4283855
0.5203085
0.5228778
0.4843312
0.5312964
0.5999378
0.5170018
0.630496
0.6145941
0.57075
0.5270211
0.4619224
0.4235757
0.4291668
0.5160149
0.513551
0.5332976
0.5249899
0.4676052
0.487138
0.4374429
0.5916102
0.6015981
0.5749111
0.4704631
0.4659102
0.4209308
0.4624274
0.4226098
0.4257603
0.476142
0.3665944
0.3859653
0.3575932
0.3078662
0.3839062
0.3881119
0.3794542
0.4153134
0.346422
0.3206057
0.3892098
0.3339152
0.3843112
0.4691151
0.3737352
0.3614656
0.3785594
0.4007258
0.4392132
0.3724667
0.4363851
0.4418419
0.4537031
0.5006859
0.4314428
0.3931007
0.3917197
0.3813037
0.4259597
0.3756295
0.5106489
0.4002847
0.3931214
0.41906
0.4623037
0.5054168
0.5378058
0.5065714
0.4499059
0.4523988
0.5351455
0.5124325
0.562937
0.6153034
0.5713427
0.6986431
0.6875866
0.7977094
0.665922
0.8064005
0.6754002
0.7882733
0.6428257
0.6260571
0.5738717
0.6691091
0.6201527
0.5935359
0.6539144
0.6903748
0.6160433
0.5992862
0.6217997
0.6381708
0.6629802
0.6162672
0.671665
0.7836661
0.5866796
0.5880619
0.4680892
0.6069549
0.6835891
0.6155202
0.5852549
0.5679292
0.5018866
0.5962416
0.5309169
0.5289265
0.5881878
0.5019801
0.4807115
0.5141851
0.4196374
0.4267877
0.3743831
0.3727231
0.4540934
0.3681799
0.463362
0.3925911
0.5062118
0.5011308
0.5202031
0.3848811
0.4235058
0.4826233
0.4634034
0.4000393
0.3650624
0.3952671
0.3195618
0.4157445
0.3661507
0.3091411
0.2962263
0.3484704
0.3502374
0.4331167
0.4312663
0.3753831
0.3088101
0.3221548
0.3969174
0.3996653
0.4929914
0.4926264
0.4647093
0.5270458
0.5410376
0.4939424
0.4959864
0.4029049
0.4326991
0.4610221
0.5236098
0.3507993
0.3455976
0.3103103
0.326303
0.3068859
0.2975451
0.2717579
0.2484794
0.2307438
0.2657305
0.2322867
0.261794
0.2651665
0.2506335
0.2109138
0.2438165
0.2342036
0.2819028
0.219917
0.1923008
0.2340028
0.262948
0.2171721
0.1928107
0.2154758
0.2182276
0.2102127
0.1795334
0.194696
0.2011029
0.2251395
0.2336365
0.197981
0.178703
0.1711991
0.1682982
0.1788294
0.1758781
0.1887173
0.1817815
0.1937349
0.2058697
0.2018934
0.2335995
0.2355063
0.2956297
0.2049125
0.2303
0.2322797
0.2884955
0.2323075
0.2564683
0.2843549
0.2108489
0.2319643
0.2846014
0.2764685
0.2332353
0.2484703
0.3035882
0.2787839
0.2785051
0.3079403
0.3736485
0.3372392
0.2683505
0.3275976
0.2949715
0.2721262
0.3177812
0.3463607
0.407777
0.4053265
0.3871533
0.4586189
0.4110354
0.4245373
0.3688855
0.3678819
0.3498499
0.4060928
0.3387019
0.350306
0.2909584
0.2961269
0.3172677
0.2833178
0.3315222
0.4028476
0.3936051
0.4165983
0.3594846
0.4297999
0.4321435
0.4330707
0.4518181
0.4649108
0.4211996
0.3439798
0.417716
0.4183976
0.3439754
0.3146608
0.342816
0.3260796
0.2806358
0.2342826
0.2310717
0.2189471
0.2473356
0.2201945
0.2377609
0.2292664
0.2420717
0.2374145
0.1849557
0.2054756
0.1874473
0.1770685
0.1770363
0.1641507
0.1404565
0.1661605
0.1535556
0.1844051
0.1671733
0.1869203
0.1543709
0.1777581
0.1705156
0.1614191
0.156925
0.1527363
0.1384796
0.1782969
0.2028587
0.211946
0.1933298
0.1950344
0.1522127
0.1732651
0.1730303
0.1865325
0.1718056
0.1492624
0.1860611
0.1698188
0.1743692
0.1655737
0.154061
0.1520688
0.1633479
0.1338116
0.138359
0.1443954
0.1483424
0.1435449
0.1578338
0.1480856
0.1437207
0.1538985
0.150324
0.1332891
0.1501449
0.1414826
0.1483452
0.1574144
0.1216323
0.1730169
0.1662241
0.186653
0.184254
0.18147
0.1538451
0.1392887
0.1419208
0.1970166
0.1849137
0.1469256
0.1452285
0.1439606
0.1776382
0.1809505
0.1714138
0.1716851
0.2287167
0.2431971
0.2668634
0.2166216
0.2343587
0.1956357
0.2341879
0.221134
0.2437723
0.2495444
0.2440661
0.1841579
0.1956327
0.1734897
0.2272923
0.1858123
0.1724248
0.2182162
0.2319108
0.1973381
0.2191966
0.2234816
0.1883101
0.2091626
0.1978145
0.191171
0.1583056
0.2136367
0.1862138
0.2501924
0.2245858
0.1998324
0.1936509
0.2158887
0.2516579
0.2548672
0.2432768
0.3098966
0.2903834
0.2068929
0.2574417
0.2773789
0.269002
0.3002448
0.2726737
0.320114
0.3856031
0.3012128
0.2765746
0.3177201
0.3020021
0.3343467
0.3112353
0.2980399
0.3319926
0.248729
0.2902956
0.2655167
0.20799
0.1780731
0.1654478
0.2123158
0.2112804
0.1819526
0.191775
0.1759758
0.1793049
0.1816578
0.1551288
0.1531093
0.1518419
0.1859166
0.1920175
0.204752
0.2151716
0.2090175
0.1775419
0.1919802
0.2137252
0.200203
0.1979169
0.2025811
0.2424673
0.2077897
0.2264353
0.2238201
0.2026323
0.2284631
0.1974778
0.212126
0.2491521
0.2019963
0.2197786
0.2137761
0.2324273
0.2782845
0.2596287
0.224175
0.2219972
0.219743
0.1926869
0.2090418
0.2187425
0.2030636
0.1830887
0.2072063
0.1854821
0.1948285
0.2070965
0.1970513
0.225762
0.2322228
0.2545218
0.2483371
0.2639648
0.2384292
0.2365375
0.2627261
0.2701891
0.2529408
0.281001
0.2500392
0.2220173
0.249385
0.2497409
0.2411124
0.2578494
0.2881459
0.3183082
0.3011848
0.3454857
0.3100342
0.3611415
0.3980834
0.3500671
0.3133589
0.2840556
0.3172526
0.3428797
0.3347794
0.3222431
0.2908922
0.3104887
0.2780958
0.3038887
0.2959662
0.3034283
0.3304614
0.2893845
0.2658947
0.2785453
0.2951921
0.29157
0.3003217
0.3962604
0.2871423
0.3702632
0.3517638
0.3978729
0.3968765
0.3520416
0.3127069
0.4261549
0.4699471
0.5091656
0.3326217
0.3105753
0.2948218
0.3076817
0.3453665
0.3092078
0.2938134
0.3276148
0.3563047
0.329862
0.373697
0.3803834
0.4720402
0.4760327
0.5156364
0.4910532
0.3746065
0.3879842
0.3984681
0.398127
0.3787456
0.3380374
0.3136946
0.3102736
0.2742582
0.3187726
0.4022904
0.4066576
0.3502471
0.3708787
0.3356026
0.4145344
0.323505
0.4188183
0.3564174
0.4153063
0.4307963
0.4048454
0.4299295
0.4631058
0.4812518
0.5324897
0.5067475
0.5258538
0.4316072
0.5131146
0.5625875
0.5182777
0.5178206
0.5326282
0.5308243
0.5149935
0.4834016
0.6783439
0.5765754
0.5284047
0.5500352
0.628172
0.6976922
0.6525396
0.6667875
0.5852732
0.5625062
0.5790783
0.6166284
0.6847571
0.7266918
0.70346
0.6284497
0.6060446
0.5096074
0.5727324
0.4420802
0.5514676
0.4716237
0.5781218
0.5577115
0.5697782
0.6469947
0.5939519
0.6327167
0.5413577
0.4424013
0.447169
0.3747231
0.4176088
0.3918069
0.4458598
0.4850372
0.4185375
0.5319379
0.5764609
0.5259137
0.3842308
0.4952775
0.5503358
0.4965416
0.5062415
0.6286583
0.7313659
0.6244841
0.5619999
0.5373599
0.5230591
0.4637308
0.4671873
0.4381311
0.4595954
0.4629614
0.5002209
0.4985698
0.5207526
0.5084222
0.4537589
0.5014026
0.4511076
0.5203736
0.4709684
0.5011791
0.5434909
0.4984347
0.5387885
0.5673323
0.6182654
0.6828508
0.588102
0.5046429
0.4277792
0.4571079
0.3969226
0.402241
0.4243764
0.4497921
0.3759805
0.4706842
0.5288295
0.4818526
0.4150275
0.4582334
0.5080088
0.509356
0.6270224
0.6566958
0.6569522
0.6694211
0.6183777
0.6341239
0.7038016
0.6589478
0.6744696
0.5777039
0.5138597
0.4536686
0.465663
0.5590786
0.6361924
0.6966988
0.6830834
0.6494605
0.5259326
0.5382161
0.4490025
0.398017
0.3984731
0.4051868
0.3562014
0.4492042
0.4250412
0.5188844
0.3991934
0.4779956
0.5372251
0.5459984
0.5616751
0.5480506
0.5325097
0.5020199
0.5435418
0.538149
0.5939187
0.5822648
0.6521733
0.58936
0.5577971
0.4900428
0.4891675
0.6240968
0.4889395
0.4544375
0.4407352
0.4139371
0.3727832
0.4599896
0.4698151
0.4489624
0.478839
0.4625485
0.5744344
0.5232079
0.4070188
0.48788
0.3862415
0.481621
0.3804458
0.3977038
0.3465388
0.4131296
0.5221332
0.629752
0.5780121
0.6250196
0.5299608
0.4822907
0.5024633
0.4866049
0.38604
0.3530472
0.3897839
0.4606032
0.4157717
0.470188
0.5314371
0.4960303
0.4731079
0.4759867
0.5113544
0.4645395
0.5212016
0.5427987
0.4881785
0.6062995
0.6136786
0.5377595
0.589324
0.6031257
0.573841
0.6548305
0.7371983
0.942804
0.8396611
1.036691
0.7350835
0.7408934
0.7725761
0.6345446
0.4917133
0.5331303
0.4915498
0.5377962
0.5209111
0.4598001
0.4676013
0.4980051
0.5460304
0.6881527
0.6914051
0.5957552
0.5384321
0.6256779
0.5460737
0.4821554
0.5036399
0.5715519
0.5539873
0.5372365
0.535276
0.4772229
0.5693187
0.4644806
0.3629284
0.3591973
0.4151589
0.4638473
0.4615564
0.3858616
0.4838885
0.5027321
0.4233965
0.3734382
0.3441159
0.3335315
0.3854608
0.3266423
0.335483
0.348957
0.4094578
0.4068556
0.4319449
0.2974082
0.3366951
0.3371248
0.2875546
0.3342474
0.3345755
0.3321078
0.3813968
0.3181915
0.318914
0.3020697
0.36044
0.3398465
0.3820226
0.4217459
0.4086037
0.3967581
0.359462
0.3727145
0.3693378
0.2792679
0.3068674
0.360416
0.3570712
0.3871122
0.3418996
0.3363211
0.3470766
0.3646893
0.4193999
0.3965323
0.3412983
0.3930885
0.4277144
0.405496
0.4060133
0.4041129
0.3628628
0.4610725
0.3985343
0.4705067
0.4232613
0.4803978
0.5281637
0.395721
0.4130932
0.4264414
0.3941087
0.431285
0.4325524
0.4804265
0.5500748
0.4869585
0.5815458
0.6373421
0.5854042
0.5885306
0.5419414
0.5661096
0.7158234
0.5882467
0.6419431
0.5920212
0.5601334
0.6427064
0.6676573
0.6037142
0.5476075
0.4857653
0.5029727
0.5704782
0.4333821
0.5683399
0.6902497
0.7307671
0.5204096
0.5725199
0.5590406
0.5722062
0.5930717
0.6712849
0.5810631
0.5742275
0.5413266
0.5319723
0.6514803
0.6344707
0.6559262
0.5996167
0.6417929
0.6406273
0.7594533
0.6735818
0.5778926
0.6126503
0.547943
0.6335355
0.6499061
0.7109067
0.7072375
0.640441
0.7505074
0.7630516
0.9314618
1.12725
1.089693
1.069689
1.154611
1.043138
0.9426161
0.7536644
0.8242585
0.9027992
0.7695494
0.7959103
0.957366
0.7005312
0.7127145
0.7082948
0.6179586
0.5380459
0.5766981
0.613838
0.8433214
0.7263258
0.7481086
0.8347324
0.6984647
0.7202418
0.699173
0.8387636
0.7997629
0.641234
0.6478039
0.5990753
0.6627847
0.6809268
0.712344
0.7134728
0.7331547
0.997682
0.8091631
0.7736628
0.8320471
0.9687989
0.9933122
0.897193
1.063194
0.9985272
1.148229
1.210902
1.050621
0.9960631
1.02469
1.050577
1.053921
0.9712454
0.8212781
0.8042092
1.123241
1.208199
1.114955
1.10098
1.069427
1.074613
1.249031
1.001624
0.624232
0.7353863
0.7724684
0.8259732
0.7394949
0.6258018
0.6438309
0.6092885
0.6422172
0.7488744
0.7719905
0.713413
0.7241162
0.6784986
0.6870915
0.6846275
0.7061807
0.6727379
0.52946
0.6207375
0.5395995
0.6420447
0.5550156
0.6668168
0.6581477
0.6226428
0.6206534
0.6729926
0.4975863
0.5926237
0.5653436
0.6247312
0.5209664
0.5165992
0.4993756
0.5255263
0.5388848
0.6182408
0.5604528
0.640881
0.541475
0.6120467
0.6494449
0.5289024
0.6317222
0.6195805
0.7013942
0.6901423
0.5404405
0.5115585
0.4692892
0.4725931
0.5252027
0.4891592
0.4500214
0.4734829
0.4458257
0.5057611
0.5105868
0.4807197
0.4940865
0.4215175
0.5422528
0.4056578
0.4814054
0.4221979
0.4525048
0.4956718
0.4663301
0.4232225
0.3718334
0.3199009
0.3626469
0.503412
0.4919492
0.4519405
0.4011713
0.5115286
0.6084155
0.5517255
0.5177057
0.5261857
0.4804417
0.4570311
0.5229804
0.4466255
0.4032854
0.3739498
0.3846771
0.3981974
0.423195
0.3259999
0.3421392
0.4297746
0.4066114
0.4059839
0.4164984
0.4391593
0.3813257
0.4546575
0.484674
0.3837108
0.4199195
0.4929428
0.5554685
0.5795687
0.4983418
0.4481561
0.6116919
0.5589673
0.5353681
0.5729191
0.6148099
0.6235662
0.6191567
0.5637554
0.6495099
0.6817565
0.6292478
0.5232496
0.5334499
0.5331541
0.5579177
0.5261967
0.6119332
0.5582466
0.5523755
0.6058538
0.6458129
0.5386802
0.5602216
0.6694409
0.6299451
0.693422
0.710878
0.7348766
0.7109739
0.7345707
0.592123
0.7134044
0.8842169
0.8423924
0.9013155
0.695801
0.5869166
0.5909278
0.499456
0.5178355
0.5121762
0.4591026
0.5014485
0.4721459
0.5981875
0.5712607
0.6123153
0.6336684
0.6995248
0.6987688
0.696683
0.6103716
0.5573298
0.5623191
0.4820137
0.5894103
0.5541774
0.5386635
0.460399
0.5522485
0.5656036
0.519844
0.5626169
0.5980078
0.6279524
0.7839317
0.7110038
0.8165986
0.7100834
0.7707597
0.7456442
0.7799919
0.7788975
0.7767853
0.8878765
1.022475
0.8104386
0.722766
0.7690459
0.6501923
0.6521815
0.5426769
0.5884803
0.4541336
0.4464171
0.3927563
0.4460015
0.4295655
0.4912689
0.4753906
0.3883506
0.4202414
0.4546219
0.450297
0.5349574
0.4757854
0.5050042
0.5118466
0.5204377
0.4546199
0.5539552
0.6304075
0.7088025
0.7350772
0.7874295
0.8476992
0.6329951
0.5883439
0.5681839
0.5954928
0.6291963
0.6285632
0.5985904
0.6730749
0.7339552
0.6633998
0.6333902
0.676347
0.7376113
0.6714337
0.654405
0.6526178
0.6945238
0.6648755
0.5411601
0.4297826
0.3978268
0.4355914
0.4226737
0.4317852
0.3394108
0.3331433
0.3048484
0.3165198
0.3201386
0.2982803
0.291606
0.2503846
0.3437176
0.3118337
0.3309327
0.2903834
0.3328879
0.2998728
0.3322863
0.3139513
0.3117072
0.3508789
0.3841196
0.4247119
0.4650584
0.462686
0.4949384
0.4730445
0.4406829
0.4659667
0.4207431
0.4432875
0.483927
0.4626765
0.3984791
0.5381539
0.4308382
0.363899
0.4365033
0.4097629
0.4091989
0.4571171
0.6263567
0.5552047
0.6045342
0.5370771
0.528581
0.5244833
0.4706967
0.4898163
0.4886933
0.4886351
0.4742237
0.4450004
0.4553864
0.450481
0.4730529
0.5206265
0.5466122
0.4734373
0.5454528
0.4202602
0.5220642
0.4259911
0.45809
0.4451865
0.436397
0.3815939
0.3454645
0.316541
0.2692938
0.2877919
0.2743544
0.2186821
0.2306514
0.2523807
0.2706875
0.2913005
0.3292727
0.2553457
0.3101858
0.2786502
0.2232243
0.2081048
0.2265285
0.2284704
0.2518451
0.2207025
0.2394977
0.2439518
0.2048553
0.2178827
0.2539297
0.2443748
0.1978839
0.234938
0.2170579
0.2371127
0.2497112
0.264104
0.2801411
0.2897222
0.307427
0.3589765
0.2942453
0.2606139
0.3261379
0.3385044
0.3905517
0.2908038
0.3116478
0.3624293
0.3014116
0.374043
0.3479056
0.348066
0.3659116
0.3102634
0.298325
0.3271013
0.287008
0.2578996
0.2173169
0.1967863
0.211334
0.1769589
0.2091634
0.2507575
0.2574341
0.2607411
0.2151402
0.2475656
0.2357307
0.2022845
0.2389806
0.2121922
0.2347729
0.1511821
0.1687268
0.1793863
0.1642938
0.1818978
0.1814065
0.1796806
