2.577567
3.031244
3.565222
3.708826
3.96645
3.888264
4.496783
4.437965
4.897757
4.963961
5.173409
5.124641
5.281735
5.235388
5.583134
5.856385
5.273243
4.901876
5.01231
5.333105
5.826872
5.662566
5.807287
5.761383
5.549107
5.952628
5.987081
6.297108
6.580518
6.165399
6.750634
6.542724
6.734619
6.695899
7.071639
7.212842
7.190313
7.391098
6.783751
7.003392
7.167617
7.115016
7.249505
7.116735
7.077662
7.669967
6.911703
7.184765
7.477915
7.359121
7.174932
6.940262
6.924117
7.73043
7.823269
7.896733
7.642766
7.203825
7.008498
7.400135
7.622068
7.627523
7.630156
8.049614
7.081405
7.057855
7.114022
6.404787
7.358718
7.135027
6.229293
6.854017
6.169759
6.366697
6.350882
6.42998
6.277034
6.043162
5.897065
5.861105
6.069381
5.780544
5.365761
4.973492
5.12458
5.030188
5.15938
5.357025
5.335582
5.401397
5.458149
5.306736
5.693859
5.635237
6.055076
5.449867
5.63965
5.631536
5.584536
5.604537
5.179598
5.33362
5.06507
5.097954
4.620519
4.414451
4.957418
5.312462
5.468227
5.689082
5.608142
5.906803
5.65303
5.732711
5.726911
5.808525
6.306151
6.439835
6.361606
6.074627
6.399285
6.335155
6.121037
6.121647
6.301295
6.496198
6.00621
6.164132
6.242911
6.135053
6.570297
5.937686
6.170098
6.369251
6.441854
6.023271
6.162497
6.249839
6.548007
6.907409
7.289277
7.685057
7.750706
8.437381
8.162116
7.910311
7.252646
7.775546
7.830537
7.819339
7.743557
7.086349
7.457729
7.149832
6.970391
7.125504
6.777842
6.937706
6.983028
7.081602
6.714993
7.469814
7.730759
7.453446
7.402381
7.360226
7.312849
7.265378
7.231099
8.130361
8.120583
8.288856
7.635198
7.59914
7.256087
7.02642
7.702633
6.986151
7.440281
6.641654
6.371421
6.566921
6.393169
5.910111
5.772386
6.809932
6.170454
5.951568
6.247522
5.923153
6.171909
5.97025
6.117804
6.403572
7.19928
7.231429
7.200969
6.861796
7.250404
7.354463
6.481995
7.107977
7.312115
7.086745
7.082341
6.811675
6.959413
6.888886
7.068812
6.483468
6.63345
6.66554
6.440832
6.556214
6.54099
6.092066
6.122808
6.414971
6.666029
6.85568
6.430303
5.978509
6.503827
6.481881
6.995517
7.27035
7.581157
7.057524
6.796585
7.046161
6.580509
7.456222
7.254405
7.014971
6.840003
6.883175
6.884433
6.689336
7.00004
6.81423
6.969995
6.722867
6.791317
7.269658
7.616065
7.416974
7.478755
7.144677
7.192816
6.935264
6.983717
7.790943
8.130568
8.344509
8.020323
7.699607
7.830387
8.254657
7.964086
6.945769
6.94103
7.293814
7.008761
6.159559
6.223442
6.355557
5.996014
5.844886
5.906534
5.889705
5.49791
5.163843
5.219709
5.704749
5.355441
5.421582
5.519473
5.148284
5.312931
5.578605
5.590261
5.55209
5.885809
5.346483
5.802931
6.045067
5.951558
5.838593
5.690971
6.43356
5.972772
5.879266
6.118018
5.925775
6.466533
6.505591
6.549471
6.613562
7.35994
7.307327
7.063525
7.009688
7.001115
6.474911
6.23552
6.409318
6.519626
6.416953
6.017657
6.526357
6.58104
6.304241
6.220594
6.270759
6.230345
6.464227
6.243291
6.833229
6.970975
7.56657
6.901206
7.425431
7.275931
7.221204
6.756566
6.485546
6.938697
7.074179
7.6709
7.688659
7.314678
7.525926
7.052343
7.746239
7.127359
6.750871
6.825405
6.786897
7.635793
7.697091
7.935581
7.053911
7.515679
6.88908
6.48624
6.636814
6.878257
7.167228
7.147839
7.346749
7.308107
7.44357
6.912656
6.402194
6.670631
5.790989
5.533574
5.335705
5.359308
5.055409
5.038092
5.074925
4.654544
5.302585
5.693921
5.750418
5.418098
5.079969
4.856379
4.668476
4.542354
4.711465
5.004405
5.135941
5.140587
5.113975
5.056354
5.100973
5.045632
5.029709
5.104874
5.289438
4.885584
4.934589
4.588076
4.902782
4.468498
4.854124
4.931842
5.067245
5.116224
5.009144
4.642246
4.937669
4.614474
5.095397
4.948939
4.542959
4.667251
4.759622
5.093907
5.106481
5.277662
5.99814
5.67071
5.489674
6.036675
5.773919
5.124306
5.10616
4.792365
4.933685
5.131186
4.642955
4.978979
4.972145
5.522619
5.286271
5.590387
5.620427
5.751434
6.304936
6.338884
6.018349
6.432006
6.043355
5.738329
5.431108
5.495675
5.500853
6.142521
6.816459
6.373778
6.558507
6.38702
6.259688
5.924801
5.570856
5.41025
5.267944
5.53382
6.252135
5.7094
5.090714
5.214333
5.553179
6.04836
5.25981
4.978063
5.146085
5.746717
5.853624
5.866667
5.896719
5.871494
6.316232
5.848853
6.071213
5.856685
5.885677
6.424781
6.022443
5.968664
5.921323
5.982771
6.310883
6.394356
6.803981
6.666037
7.30412
6.822787
7.045213
7.239214
6.806148
7.172884
6.462687
6.394067
6.864829
7.192554
7.177625
6.546396
6.902722
6.983649
7.086368
6.772523
6.911107
6.985402
6.421426
6.429565
6.677826
6.418536
6.711883
7.087389
6.76476
6.918499
6.416962
6.366665
5.815735
5.585823
5.658446
5.973554
6.529058
6.890165
6.385951
6.060459
6.067162
5.884971
5.962227
5.74291
5.908933
5.992164
5.948428
6.64398
6.473049
6.833245
6.529812
6.725259
6.81036
6.965161
6.416099
6.6383
6.387541
5.92043
5.967918
6.133052
6.163701
6.080464
5.9802
6.149197
6.483719
7.037317
6.729164
6.755239
6.333457
6.586132
6.352834
6.473597
6.583728
6.711734
6.79783
7.458595
7.224037
6.797947
6.661205
6.3633
6.7702
6.638285
7.025004
6.708098
6.600338
6.623333
6.484606
6.726992
6.279143
6.261691
6.741657
6.738901
6.843977
7.341491
7.169131
6.884603
6.869823
6.38633
6.145524
5.993975
5.727198
5.936811
5.921133
5.812736
6.155769
6.083566
6.140953
6.111603
5.625005
5.566943
5.630837
5.61717
6.272823
6.596519
6.665216
6.434988
6.16753
6.085223
6.573183
7.247512
6.686677
6.454343
6.527255
6.357218
6.091261
5.395962
5.396938
5.44326
5.712759
5.667525
6.05318
5.645297
6.077157
7.134738
7.071303
7.353274
6.91397
7.269108
7.439628
7.21545
7.525278
7.31489
7.79313
7.600516
7.764661
8.290386
8.096052
8.523211
8.327265
7.573857
7.575515
7.125163
7.078765
7.005817
7.002062
7.461743
7.277564
8.195033
7.46981
7.345792
7.6057
7.312765
6.788455
6.390259
6.465056
6.75323
6.76983
6.866895
7.460598
6.991934
7.072727
7.406032
6.868902
6.699238
6.120181
6.323626
6.107894
4.913842
5.138688
5.582988
5.34367
5.511036
5.300571
5.449057
5.426023
5.527619
5.272002
5.428646
5.928624
6.218729
5.959954
5.837515
5.163337
5.373603
5.536177
5.419673
5.399033
5.712984
5.937727
6.035707
5.969902
5.848257
5.53224
5.54732
5.180053
5.115809
5.542273
6.449017
5.90654
6.126137
6.175622
6.492985
7.227952
7.111182
7.287222
6.847251
7.155678
6.79966
6.560334
6.492229
7.008282
6.671004
6.388536
6.34801
6.934522
7.057258
7.197357
6.259409
6.121695
6.008966
6.391868
6.177095
6.383472
5.737485
5.747935
5.370292
5.575608
5.891961
5.668287
5.858503
6.012697
5.602238
5.587942
5.475257
4.864989
4.76086
4.895145
4.804775
4.663973
4.436663
4.455695
4.709175
4.676654
5.325857
5.690189
5.677546
5.159828
5.305721
5.246667
5.572984
5.962179
6.00244
6.073319
6.166588
5.707216
5.348111
5.258294
4.926726
4.786585
5.018392
5.058609
5.38584
5.278684
5.605008
5.97632
6.440606
5.932736
5.8448
5.507576
5.330162
5.209803
5.252158
5.800373
6.02838
6.099182
5.549051
5.602474
5.409866
5.39115
5.511822
5.346013
5.323791
4.879122
5.110468
5.147359
5.056332
5.430225
5.276885
5.42533
5.538708
5.313921
5.666916
5.511081
5.803929
5.764203
5.435956
5.375593
5.327753
5.508171
5.443338
5.786575
5.60646
5.622139
5.500192
5.771241
5.698737
5.988906
6.388445
6.080235
5.571769
5.343645
5.181582
5.154927
5.289235
5.091686
4.950471
5.510469
5.08634
5.288793
5.268572
5.350063
5.730163
5.687466
5.486627
5.686941
5.340706
5.180478
5.069272
5.517653
4.875466
5.394174
4.821547
4.784004
4.955359
5.438581
5.833648
5.582442
5.964534
5.431245
5.780674
5.506976
5.403766
5.503787
5.930227
5.817201
5.460051
5.586056
6.067349
5.589659
5.247952
5.54936
5.462924
5.732091
5.585967
5.405833
5.591242
5.541878
5.341121
5.337526
5.664414
6.287837
6.522453
7.001962
6.904715
7.42787
7.466648
6.96802
6.893644
6.855848
7.007082
7.368755
7.872648
6.799197
6.822578
6.176007
5.981183
5.55234
5.678514
6.272917
6.692467
6.426436
6.505982
6.544261
6.463858
6.591983
6.710734
6.492547
6.406845
6.729748
6.634477
6.530331
6.026542
5.972375
5.87098
6.376085
6.722057
5.918928
5.924179
5.995335
6.403763
6.590016
5.971923
5.878615
6.171634
5.974278
6.117771
6.17191
6.359092
6.491802
6.497419
6.597126
6.216422
6.143927
6.410633
6.435353
6.103458
5.84565
6.453506
6.056311
6.028975
6.184626
6.353906
6.811441
5.804939
5.747294
5.487608
5.561329
5.621945
5.89509
5.772315
6.187583
6.48618
6.197266
6.639056
6.63613
6.36863
6.153623
6.138777
5.985519
5.928063
5.152006
5.505676
5.335214
5.775488
5.533808
5.762388
5.514074
5.768891
6.412191
6.281652
5.831679
5.989416
5.650163
5.451659
5.221939
5.167259
5.116862
5.172453
5.219449
5.214355
5.484994
5.504402
5.807259
5.786307
5.966195
5.481746
5.509711
5.865404
5.946424
6.022553
6.187713
6.387402
6.599533
6.42527
6.527168
6.595398
6.544057
6.331393
5.692362
6.006066
5.979885
5.793176
6.040788
5.239225
5.412027
4.969015
4.913066
4.859761
5.019036
5.585585
5.41401
5.057768
5.15915
5.313836
5.262623
5.5145
5.521256
5.434456
5.126445
5.83456
6.028183
5.809626
6.209019
6.465586
6.313275
6.933201
7.422841
7.836362
7.870656
7.713986
7.796532
7.788536
7.904275
7.849325
7.553475
7.231991
6.805798
6.384207
5.981502
6.027448
5.781135
5.541884
5.366454
5.460305
5.429471
5.582886
5.507455
5.807137
6.004495
5.944435
5.891626
5.576396
5.444301
5.498776
5.829696
5.438882
5.58714
6.038522
5.823865
5.762678
5.238513
5.337323
5.635815
6.069672
5.550445
5.544872
5.551235
5.840005
5.625368
5.752404
6.231025
6.11428
6.373908
6.376549
6.464463
6.260696
5.908504
6.384968
6.240494
6.049899
5.702398
5.472209
5.626774
6.160477
7.179332
7.062629
6.716995
6.203884
6.523806
6.41348
5.973762
5.98
5.87912
5.652418
5.337361
5.863498
5.355846
5.529851
5.850745
5.674985
5.755041
5.907547
6.082303
5.3074
5.101489
5.253039
5.439908
5.253128
5.460586
5.599374
5.357351
5.376836
5.318901
5.02182
5.186014
5.609388
5.345623
5.139425
4.993437
4.933636
4.932855
4.680597
4.949274
4.931304
5.048303
5.161045
5.311102
5.256386
5.813506
5.309863
5.982896
6.027102
5.865847
5.677966
6.122223
6.200853
6.710719
6.869578
6.619163
7.431575
7.237069
6.903667
7.380521
7.48489
7.474069
7.89636
7.735666
6.911305
7.938222
7.620232
7.658449
7.770643
7.532541
7.771082
8.498895
7.859656
7.612367
6.258791
7.268203
6.493879
5.992
5.58898
5.806216
5.897728
6.431343
6.242319
6.16199
5.944077
5.6839
6.107697
6.095026
5.785047
6.443796
7.231963
6.933817
6.751544
6.553779
7.112885
7.564502
6.818739
7.010748
7.472187
7.457482
7.414958
7.262833
6.897734
7.446187
6.953826
7.386979
6.747116
6.958324
7.2598
7.336429
6.819838
6.963112
7.060802
7.733147
7.489276
8.075828
8.138335
7.352502
6.890001
7.209009
6.932082
6.617959
6.475083
6.43657
6.477991
6.544709
6.28578
6.35015
6.601359
6.79428
6.816983
7.151677
6.594193
6.886346
6.993745
6.632166
6.95504
6.643867
6.766692
7.411058
8.354731
8.100125
8.160464
8.374739
8.114773
8.161952
7.903458
8.284504
7.258909
7.712632
7.776015
7.566673
7.331016
8.307599
7.401277
7.579686
7.447531
6.526242
6.491048
6.806875
6.883279
5.910764
6.351782
6.23863
6.516597
6.573904
6.596194
6.749984
7.217471
6.956252
6.606365
6.793836
6.615913
7.172019
6.815393
6.139743
6.332587
6.507128
6.631862
6.331504
6.821243
6.797522
5.939807
5.991051
5.821201
5.715669
5.35874
5.149087
5.761949
5.572504
6.328622
6.211462
6.173871
6.424717
6.757802
6.80756
6.426317
6.2833
6.07803
6.191041
5.652373
6.110383
6.109909
6.316582
6.244326
6.053933
5.515662
5.938747
6.094268
6.397669
6.638752
6.446066
6.384029
6.423023
5.916765
5.976781
5.917211
6.468723
6.550647
6.223578
6.428228
7.036441
7.438248
7.05122
6.615731
6.401749
6.57519
6.930293
7.493131
7.869663
7.751982
7.178798
7.293115
7.393746
7.261061
7.948148
8.181756
7.613882
7.958565
7.593237
7.342515
7.479332
7.252533
6.930578
6.890534
6.921329
6.391687
6.512468
6.753201
7.180912
7.066771
7.240709
6.655659
6.217276
6.348616
5.926496
5.985352
5.887566
5.523986
5.660162
5.52444
5.621751
5.393273
5.077617
5.369889
5.632383
5.980162
5.925901
5.663256
5.718448
5.837262
5.558774
5.873123
5.842071
5.685971
5.591117
6.046475
5.808269
6.008676
5.38926
5.200171
5.235277
5.373806
4.938674
5.192317
5.378088
5.501499
5.982951
5.466684
5.462423
5.561289
5.948135
5.561292
6.298459
6.15835
5.98781
5.727371
5.781611
5.913557
5.776781
6.01408
6.072651
5.626093
5.396274
5.197521
5.082474
5.28125
4.943731
5.346928
5.050712
5.156177
5.360934
5.383801
5.693487
5.36859
5.496215
5.585481
5.551704
5.917261
6.432589
6.267426
6.108969
6.410823
6.19407
6.335828
6.636953
6.631586
6.455416
6.520042
6.068516
6.184857
5.986488
5.599541
5.779471
5.468681
5.190839
5.156015
5.370658
5.421987
5.0097
5.269901
5.273849
5.449624
5.188777
5.648001
5.672065
6.049922
5.557275
5.873287
5.872052
5.583524
5.498436
5.583237
5.608423
5.571543
6.050958
6.754031
6.779148
6.376391
6.159245
5.867997
6.033882
6.183901
6.99899
7.13097
7.587632
6.544133
6.395309
6.152747
6.127976
6.208205
5.656011
5.71435
6.004129
6.106127
6.362516
6.361361
6.765752
6.287364
6.672618
6.549262
6.725987
7.005258
6.949493
6.885087
6.621979
6.874899
6.191556
6.309874
6.304663
6.716316
6.796632
7.316738
7.000638
6.973243
7.54352
7.169917
7.267792
8.03077
7.614916
7.440485
7.693791
7.158215
7.262714
6.800416
7.116003
7.00376
6.375364
6.099823
6.09836
6.059184
6.808133
6.335832
6.335444
6.590487
6.43389
6.602594
6.148973
6.806756
6.824144
7.370205
7.253071
7.213536
7.724067
7.020905
7.107271
7.378242
7.431843
7.24766
7.136308
7.167161
7.534024
7.915998
7.85653
8.277515
8.692002
8.528074
7.990203
7.90904
7.506472
7.167387
7.080513
7.657419
7.341416
7.930612
8.513752
7.964322
7.805609
8.153496
7.709611
7.335495
7.180913
7.085541
7.087486
7.448931
6.9928
7.265006
7.385978
6.900766
7.030214
6.256828
5.692497
6.242635
6.103698
6.348462
6.669766
6.556771
7.071713
7.726656
6.331227
6.571995
6.861565
7.554133
7.409621
6.866922
6.941812
7.323767
7.040409
7.252978
7.411884
7.085165
7.790052
7.478329
7.573692
7.890966
8.069528
8.417345
7.688798
7.884415
7.830213
7.539293
7.292454
6.478257
6.635683
6.613498
6.348626
6.28224
5.978826
6.029764
5.830762
5.831409
6.106974
6.000193
5.618497
6.208573
5.75044
6.012071
5.903753
5.744014
5.914554
5.728928
5.819112
5.672885
5.486041
5.253469
5.275063
5.445368
5.327206
5.49795
5.284693
5.420946
5.689845
5.529904
5.561426
6.053314
6.445892
6.024127
6.00408
5.695119
5.325976
5.330674
5.207177
5.482231
5.294663
5.251782
5.530845
5.280058
5.158897
5.058196
4.82246
4.348242
4.349999
4.286445
4.815815
4.918514
4.977022
5.096651
4.716895
4.849961
4.764476
4.45867
4.301589
5.200801
5.361104
5.600678
5.421712
5.460694
5.422252
5.075107
5.576674
5.542069
5.471387
5.682508
5.258401
5.194571
5.733326
5.270053
5.220727
5.4292
5.172687
4.80546
5.071904
4.646294
4.59094
4.836224
4.799558
5.290173
5.224962
5.15023
5.30564
5.245724
5.387297
5.004588
5.039903
5.449223
5.357049
5.19854
5.02772
5.472802
5.352491
5.231534
5.26099
4.956796
4.789919
4.751794
4.528397
4.592213
4.360532
4.48157
4.200845
4.319732
4.088515
4.264278
4.172584
3.850418
3.895583
3.839955
3.748584
3.93027
4.279539
4.527575
4.362318
4.351529
4.109771
3.863499
3.966663
3.775737
4.185762
4.169061
3.968271
4.377697
4.732579
4.498621
4.838603
4.539004
4.61438
4.687317
4.496952
4.847514
4.629844
4.145151
4.460271
4.209031
4.179675
4.133184
4.003601
3.912843
4.104657
4.221655
4.502606
4.527086
4.193508
4.627201
5.04021
5.146285
4.907016
4.786482
4.725927
4.935326
5.352317
5.398291
5.095073
4.768753
4.982986
4.953282
5.041609
4.983689
4.720631
5.029933
4.833065
4.437811
4.423099
4.480824
4.815566
5.265237
5.079979
5.541544
5.438502
5.418276
5.594834
5.572107
5.043986
5.305701
5.138446
5.310731
6.055589
5.888175
5.701325
6.123261
6.006059
6.165793
6.116571
6.967024
6.920975
6.837243
6.568909
6.772969
7.048544
6.93272
7.20994
7.041166
7.523124
7.119334
6.320343
6.718799
6.400208
6.25414
6.454424
6.773036
6.594682
6.940616
7.005151
7.025839
6.614264
6.304881
6.716208
6.48245
5.939733
6.324653
6.190366
6.021881
5.979636
5.648888
6.057586
5.937513
5.927587
5.896706
5.95487
6.014757
5.717911
5.911495
6.223048
6.605282
6.502468
6.761489
7.142961
6.557807
6.341832
7.152066
6.766141
6.554772
6.73193
6.373353
6.696219
6.344201
6.810177
7.360672
7.210972
7.269079
7.670756
8.765373
8.100776
7.993498
7.545746
7.802778
7.781146
7.496282
8.342766
7.560582
8.117611
8.774333
8.907533
8.755214
8.041552
8.386522
8.759537
8.245851
8.971348
8.345702
8.264137
8.938892
9.360733
9.80302
9.773083
9.297992
8.497853
8.926073
8.687193
8.734803
8.389331
8.118829
7.73896
7.715938
7.317705
7.083568
7.163251
6.943114
7.678158
8.30768
8.532881
8.59654
7.920952
8.310466
8.079957
8.342702
8.153936
8.14299
8.095759
8.345748
7.246769
7.636049
7.733399
6.772229
6.653031
7.396219
7.317038
7.062588
7.034782
6.993008
6.587171
6.80065
7.088696
7.025048
6.614748
6.146184
6.119497
5.892362
6.02798
6.340106
5.913304
5.951051
6.170268
6.241767
5.967234
6.265965
6.07163
6.163218
6.248738
6.127573
6.006404
5.662483
6.082163
6.210407
6.296506
6.426067
6.799826
7.624128
7.58657
7.642507
8.019158
8.185789
8.285551
7.279757
7.193269
6.952734
7.748982
7.370461
7.03745
7.177169
7.141209
7.134041
7.099042
6.759335
6.324135
7.008485
6.668875
7.22854
6.642209
6.408844
6.954639
7.047937
7.04096
7.029239
7.138803
6.353546
5.902178
6.002096
5.990978
6.182491
6.004612
5.60281
5.787927
5.021125
5.128575
4.914012
4.558464
4.764618
5.196337
5.037465
4.81508
5.523688
5.536853
5.156823
5.177348
5.300233
5.85013
5.814907
5.775309
6.279208
5.93606
5.840408
5.91452
6.12192
6.500977
7.025697
7.102749
7.026333
6.82837
6.942589
6.430764
6.647917
6.533191
7.141551
6.850129
6.993413
6.817525
6.896496
6.887502
7.018272
7.362672
7.150453
7.118455
7.280456
7.235771
7.112349
7.12297
7.084193
6.84254
6.877028
7.114883
7.65865
7.602159
7.370789
6.792859
7.012965
7.379569
7.018187
6.896235
6.509294
7.447263
7.322216
7.160835
6.908137
7.010097
6.682324
6.564715
6.566801
6.966239
6.912409
6.675014
6.849521
6.152519
6.206925
6.484567
6.084676
6.073472
6.58005
6.281387
6.412614
7.031544
6.721248
7.051823
6.973077
7.015506
7.314398
7.208976
7.837
7.138206
7.662591
7.22598
7.152115
7.099097
6.3524
5.891718
5.952607
5.716499
5.840619
5.910621
6.315956
6.044169
5.837674
6.049853
6.336914
6.341185
6.618605
6.36308
6.330747
6.183847
6.660855
6.557581
6.303392
5.884101
5.914441
5.972923
5.807639
6.048751
6.235389
5.959287
5.687622
5.48715
5.736115
5.812361
5.720917
5.331705
5.74686
5.971591
5.955129
5.621599
5.392932
5.798775
6.056055
5.996255
6.138389
5.962385
5.768355
5.560687
5.9477
5.681004
5.72747
5.572148
5.226004
5.12867
5.13765
5.311211
5.485959
5.390843
5.723129
5.56863
5.970912
6.277981
5.929726
6.00192
5.911152
5.657669
5.882988
5.801947
6.184178
6.341862
6.386538
6.226547
6.372578
6.350945
6.099612
6.161389
5.70305
6.084893
5.840106
5.632494
5.501479
5.04956
5.035927
5.165002
4.982685
5.084044
5.244532
5.338686
5.299547
5.405114
5.445168
5.682208
5.998881
5.565425
5.966243
5.724792
5.567049
5.356323
5.211768
5.770552
5.681869
5.440974
5.648068
5.729275
6.146613
5.49535
5.514942
5.747137
6.087687
6.312668
5.624661
5.983242
5.76467
6.136206
6.147324
6.046526
6.170179
6.291048
6.469462
6.035338
6.495236
5.59139
5.232838
5.415424
5.896536
6.03829
6.124802
5.900765
5.666304
5.762199
6.202081
5.925143
6.391309
6.264419
6.45217
6.388546
6.777939
6.604602
6.602016
6.859904
6.310654
6.313634
6.390169
6.434754
6.289908
6.275223
6.635064
6.595311
6.657153
7.187813
6.957983
6.913233
6.723001
6.70088
6.475123
6.548031
6.318738
6.42118
5.730465
6.197998
6.215378
6.289149
6.455128
7.221624
6.589091
6.174147
5.987408
6.296303
6.442998
6.224704
5.795719
6.236535
6.545283
6.222993
5.940006
5.974008
6.145121
5.775223
5.882378
5.848596
5.776817
5.599758
5.335004
5.318439
5.23907
5.091985
5.049106
5.082012
4.789488
4.869419
4.761199
4.608417
4.82047
4.709197
5.208697
5.38607
5.350951
5.520983
6.094834
6.127159
6.086801
5.940511
6.090785
6.306256
6.604591
7.155113
7.669937
7.331239
7.730055
8.037313
7.322738
7.693055
7.398805
7.43333
7.712188
7.406911
7.442412
7.672768
7.822208
7.521386
7.010945
7.473681
7.770239
8.02806
7.771928
7.713398
7.492784
6.826959
7.174156
7.168553
6.979444
6.559248
6.746115
6.744401
6.745865
6.445751
6.539073
6.906254
7.54433
6.970564
7.36016
8.476123
8.286309
8.130733
7.82636
8.176289
8.172082
8.195322
8.237833
7.627421
7.489932
7.514877
8.001687
7.544327
6.821275
7.224837
6.914583
6.784014
6.947779
6.51241
5.971627
6.137254
6.250797
6.733721
6.463226
6.135068
6.662397
6.719482
6.28719
6.016028
6.221627
5.73128
6.264314
6.227512
6.518981
6.510101
6.417059
6.459365
6.993275
6.830081
7.070254
6.510241
6.808999
6.896883
6.353198
6.220434
6.345446
6.042274
6.110499
6.324112
6.330829
5.700813
5.044531
5.271754
5.733077
5.845206
5.340903
5.279056
5.373245
5.344717
5.717742
5.353827
5.242082
5.574749
6.367127
6.173389
6.0059
5.997583
5.655546
6.292178
5.907682
6.160332
6.511892
6.223211
6.742253
6.79878
7.276201
6.987131
6.934084
6.18629
5.799616
6.202649
6.033903
6.375321
6.800665
7.057
6.735837
6.518044
6.268975
6.35692
6.526437
6.040353
5.852814
5.930862
5.174985
5.360082
5.95338
6.496911
6.398572
6.202765
5.915497
6.386551
6.646489
7.214058
7.598226
7.338249
7.376682
7.432131
6.659242
6.633886
6.148921
6.439438
6.778435
7.245096
6.959673
7.069917
6.700594
7.004023
6.532997
6.563772
6.491578
6.368323
6.225958
6.393835
5.831815
5.762808
5.964471
6.090006
5.409494
5.490701
5.526296
5.720561
5.687313
5.874443
6.321292
5.928396
6.716678
6.427142
6.161844
6.014389
6.383456
5.981351
6.07783
6.01009
6.12373
5.907323
6.122844
6.328461
6.068994
5.94906
6.138927
5.784904
5.955649
6.26824
6.565801
6.594354
6.77403
7.094644
7.421883
7.007036
7.395871
7.727941
7.613238
7.516478
7.376784
7.463249
7.689893
8.252481
8.172546
8.300509
8.037902
7.501868
7.620767
8.264923
8.097324
7.555556
7.082357
7.020773
6.572362
6.58653
6.515328
6.373188
6.279087
5.71575
6.313828
6.576554
6.34171
6.254237
6.054185
6.690868
6.866947
6.976792
6.968276
6.992541
6.997377
5.956099
6.185728
6.326655
6.309394
5.750953
5.6557
5.748081
5.978444
6.176099
5.510799
6.246896
6.236547
6.411311
6.243445
6.394997
5.932258
6.157897
6.538405
6.233505
6.593474
6.454536
7.433377
7.657711
7.659019
7.348351
7.948197
8.40491
8.484253
7.841885
8.173826
8.173969
8.486505
7.873143
7.572417
7.245929
8.069718
8.2088
8.627632
8.676577
8.278311
8.203571
7.950803
8.017704
7.212542
7.32122
7.275922
6.723501
7.274223
7.531387
7.670062
7.389174
7.431226
7.512958
7.704762
7.847786
7.539349
7.427094
7.295283
6.66271
6.559378
7.172729
6.998947
7.582441
7.81919
7.166829
7.111414
7.578519
7.572257
7.559906
6.99642
6.79679
6.863233
6.1986
6.484816
6.666
6.499656
6.415154
6.810072
6.838358
7.06325
6.998306
7.265566
6.880863
6.909588
6.550398
6.214775
6.298317
6.743581
6.995713
6.768264
6.196843
6.361019
5.974445
5.708311
5.67739
5.835594
5.837691
6.423423
6.491496
6.292136
6.178578
6.084744
6.286966
6.018034
6.021047
5.820012
6.048023
6.328965
6.230995
6.234436
7.110009
6.841492
7.065688
7.214186
6.817
7.189287
6.568657
6.427616
6.798401
6.741428
6.906618
6.88004
6.698946
7.279369
7.348638
6.920643
6.56537
6.736843
6.467031
6.459165
6.452613
5.973942
6.1315
6.237901
6.356097
6.62007
6.450782
6.397998
6.374058
7.129731
7.200633
6.719514
6.93067
6.841244
7.08769
7.153749
7.555052
7.158074
7.114593
7.171774
7.412441
7.053035
7.504151
6.676134
7.309326
7.116518
7.013086
7.111899
7.47815
6.781707
6.927594
6.671201
6.406146
6.268355
6.720382
7.304871
6.415241
6.301672
6.199695
5.676177
6.02658
6.295374
6.6185
7.236569
6.253557
6.235277
6.360756
6.243986
6.537398
7.418594
7.27685
7.604691
7.279502
7.570407
7.32873
6.746136
6.952207
7.371291
6.891432
6.908536
6.968837
7.431794
7.55427
7.143496
7.631287
7.295448
6.897131
7.067989
7.350428
7.321811
7.711361
7.629763
7.546673
6.528192
7.156567
7.297995
7.359974
7.232177
6.839975
6.440585
5.996174
6.224582
6.818454
6.810881
7.312499
7.254559
7.178869
7.159193
6.34876
6.136647
6.553261
6.51244
6.357285
6.185371
5.707958
5.401932
5.559106
5.641656
6.063881
6.032375
5.732878
5.129165
5.468934
5.465215
5.265825
5.161228
4.843212
5.164893
4.978758
4.763475
4.90507
4.672941
4.8043
4.958006
5.011341
4.866237
4.906267
4.558629
4.511442
4.269495
4.5621
4.667042
4.729264
4.365772
4.538971
4.277043
4.460887
4.60786
4.671698
4.441286
4.485968
4.800291
4.664726
5.120285
5.22391
5.020489
5.166544
5.177911
5.211257
5.050306
4.932427
4.764616
4.824216
4.788693
4.681684
4.759773
4.669525
4.964679
4.901508
4.935191
4.772982
5.2437
5.635645
5.813707
6.077924
5.825673
6.077726
6.035544
6.507797
6.508578
6.06309
6.578419
7.184873
6.850447
6.44123
6.293006
6.159174
6.510744
6.530787
7.188816
6.792415
6.260115
6.962441
7.119
6.54825
6.397265
6.335195
6.913776
7.294502
7.370711
6.593364
6.667657
6.351014
6.257039
5.999471
5.896943
5.769724
5.715931
5.729804
6.08304
5.785738
6.061584
6.175037
6.115302
5.958923
5.188309
5.202747
4.980363
5.453854
5.219584
4.871577
5.280593
5.240362
4.856507
5.202662
5.152303
5.402416
6.026018
5.607549
5.568364
5.039849
5.220235
5.496907
5.299181
5.458262
5.226286
5.997076
5.948922
5.917742
5.526325
5.036966
5.084302
5.644134
5.66053
5.541435
5.89694
5.87384
6.263189
6.256229
7.089083
7.153119
6.634497
6.266466
6.334896
6.517285
6.147178
6.76283
7.365093
7.077137
7.0634
6.731265
6.181811
6.165325
6.131155
5.640197
5.364964
5.624652
5.632837
5.909322
5.730317
6.534421
6.770963
6.918418
6.478822
6.388488
6.061359
6.46203
6.503719
6.290197
6.644959
6.377199
6.959799
6.890181
6.552041
6.891156
6.953438
7.103142
6.98311
7.055518
6.876531
6.91528
6.810204
6.876419
6.633337
6.371865
6.62583
6.842226
6.309999
6.609248
7.162971
7.315741
7.082068
6.623978
6.658983
6.90451
6.941681
6.464377
6.666715
6.331737
6.426136
6.115409
6.140931
5.856783
5.365941
5.415303
5.43737
4.985692
5.563414
5.850213
5.774554
5.763374
6.13332
5.523838
5.919893
6.00862
5.717242
5.515569
5.575081
6.06858
6.027261
6.141029
5.773332
5.696937
5.286601
5.47866
5.43236
5.319924
5.205404
5.114981
5.009045
4.739915
4.642187
4.697879
4.57159
4.850362
5.19105
5.173488
5.196872
5.343648
5.462716
5.485564
4.831202
4.999095
5.480154
5.201309
5.225847
5.257094
5.357881
4.890045
5.099902
5.144913
4.90167
5.011341
5.315096
5.378145
5.297886
5.585657
5.801773
5.221484
5.719541
6.10964
5.54195
5.690837
5.70568
6.016932
5.885484
6.052033
5.636877
5.545479
5.248196
5.320642
4.975374
4.606169
4.871398
4.923913
5.271586
5.327224
5.706148
5.846961
5.905851
5.710977
5.492046
5.548335
5.646313
5.790909
5.720595
5.234858
5.170965
5.211422
5.669642
5.6648
5.771114
5.869605
5.64403
5.703739
5.661233
5.383285
5.440507
5.449608
5.482025
5.678116
6.3868
6.408183
6.447346
5.678053
5.877343
5.89198
5.401357
5.322152
5.735616
6.052445
5.527656
5.421622
5.546894
5.796373
5.277627
5.226903
5.924513
5.540726
5.406007
5.63307
5.619528
5.908032
6.374906
5.714329
6.170516
6.770391
6.204275
6.109789
6.247014
6.272511
5.472602
6.056493
5.952646
5.74768
6.306197
6.484965
7.105084
7.041374
6.901705
6.537949
6.674564
6.908799
6.700684
6.853399
6.147673
6.431105
6.129086
7.183975
6.812761
6.877057
7.266111
6.760625
7.237348
7.700329
7.28823
7.236596
7.171691
7.388899
2.270179
2.779493
2.804838
3.059288
2.85905
2.712583
2.799769
2.686824
2.7848
3.007872
3.010476
2.916507
2.957996
2.978403
3.212999
3.079943
3.339749
3.034831
2.859191
3.266225
3.313722
3.351934
3.420054
3.039958
3.001515
2.946823
3.120026
3.170829
3.42126
3.079363
2.907022
2.676726
2.717956
2.68173
2.80407
2.534925
2.48878
2.573502
2.458257
2.502084
2.465248
2.687458
2.559104
2.684335
2.971057
2.746951
2.666325
2.594086
2.580511
2.686097
2.624745
2.764646
2.711242
2.657294
2.485508
2.516483
2.554574
2.424084
2.446213
2.630747
2.462967
2.496716
2.371002
2.244124
2.171959
2.08161
2.092012
2.00103
1.95583
1.844394
1.936384
1.917451
1.841166
1.860389
1.709178
1.759361
1.715069
1.60469
1.772764
1.66346
1.670594
1.61787
1.621679
1.715708
1.758239
1.889111
1.894416
1.838621
1.900016
1.974294
1.902715
1.896194
1.648816
1.665574
1.65287
1.701805
1.771382
1.650168
1.628943
1.781694
1.813409
1.735361
1.735992
1.784622
1.909096
1.668054
1.683136
1.820612
1.812544
1.679335
1.642092
1.633473
1.493213
1.514293
1.561822
1.535057
1.522074
1.546937
1.502221
1.40741
1.323549
1.306839
1.354531
1.249887
1.372311
1.338961
1.3689
1.321294
1.274225
1.386179
1.34545
1.392549
1.365673
1.362002
1.341601
1.36082
1.431551
1.377874
1.288371
1.238832
1.226065
1.201909
1.225938
1.234276
1.149552
1.1666
1.189334
1.234912
1.155805
1.050112
0.9988059
1.078096
0.9853374
0.9181706
0.8787476
0.8703812
0.8674085
0.9619005
0.8681746
0.8036636
0.8612623
0.933484
0.8582715
0.910855
0.9226278
0.9523018
0.9199469
0.9529606
0.9209681
0.9255075
0.8830443
0.8698921
0.9000834
0.9478594
0.9986458
1.032604
1.117971
1.095952
1.221041
1.1364
1.102319
1.14176
1.137016
1.167971
1.110236
1.196367
1.20865
1.174299
1.159448
1.233865
1.136404
1.077916
1.101717
1.167576
1.187011
1.249464
1.243722
1.210792
1.256259
1.199065
1.18922
1.120793
1.194188
1.207511
1.251291
1.271046
1.28141
1.297575
1.265805
1.369419
1.397663
1.365749
1.342806
1.287088
1.329625
1.351716
1.336152
1.468117
1.346089
1.391523
1.438265
1.399075
1.317948
1.196315
1.24685
1.26478
1.267778
1.165224
1.191117
1.315
1.35081
1.362826
1.367429
1.396165
1.33433
1.343198
1.276533
1.256694
1.264145
1.255715
1.237319
1.170387
1.190154
1.20513
1.291773
1.350575
1.28357
1.211055
1.248922
1.226493
1.274136
1.292708
1.392596
1.452491
1.451234
1.410501
1.380654
1.433786
1.524554
1.458318
1.470097
1.477783
1.446874
1.54137
1.567342
1.328698
1.430507
1.628263
1.684628
1.664288
1.729671
1.586098
1.304954
1.374836
1.459502
1.514885
1.531077
1.472612
1.465607
1.373668
1.384983
1.457878
1.516639
1.578863
1.680689
1.72487
1.716607
1.603507
1.616657
1.645891
1.776867
1.873249
1.858378
1.805868
1.834525
1.774613
1.696175
1.67265
1.629967
1.573002
1.522624
1.431418
1.501641
1.566297
1.582785
1.751992
1.736504
1.782539
1.743006
1.680898
1.730685
1.790627
1.809701
1.948145
1.941457
1.800954
1.948738
2.090934
2.217726
2.166621
2.087056
2.004198
1.844992
1.923562
1.917157
2.027559
1.902185
1.877596
1.847396
1.74667
1.7388
1.73103
1.824019
1.685272
1.692006
1.66183
1.625631
1.76356
1.699341
1.805136
1.7933
1.649511
1.72481
1.867718
1.895596
1.966307
1.794458
1.665805
1.679634
1.726466
1.758561
1.682098
1.73009
1.667901
1.490755
1.49909
1.420775
1.282585
1.201122
1.265543
1.287531
1.160519
1.190745
1.235984
1.196225
1.140001
1.153447
1.178195
1.133276
1.076392
1.17647
1.108761
1.138428
1.20635
1.14095
1.173657
1.225764
1.297917
1.331933
1.295827
1.333396
1.248278
1.211412
1.139695
1.077482
1.0815
1.076664
1.158218
1.332585
1.377714
1.303442
1.269395
1.216101
1.201839
1.345013
1.281311
1.349979
1.45534
1.418017
1.568636
1.674684
1.730398
1.684028
1.740528
1.644591
1.561388
1.482598
1.515451
1.468726
1.410615
1.48712
1.508637
1.5178
1.500909
1.520994
1.652632
1.605233
1.526214
1.491905
1.439912
1.537279
1.441417
1.332391
1.22705
1.211214
1.306786
1.340322
1.457333
1.413448
1.429212
1.29378
1.208763
1.232807
1.322536
1.186469
1.192332
1.198242
1.087413
1.17659
1.261234
1.367198
1.352074
1.408445
1.298767
1.44642
1.40364
1.304226
1.390735
1.356634
1.235706
1.201526
1.286845
1.20835
1.27075
1.173073
1.198961
1.365709
1.301985
1.26158
1.260471
1.285277
1.128684
1.186143
1.12756
1.146133
1.153121
1.252145
1.200698
1.190103
1.228673
1.183336
1.129793
1.106477
1.056371
1.002174
0.9661719
1.038619
1.113828
1.184756
1.21283
1.327153
1.431674
1.387471
1.331742
1.334068
1.186048
1.242907
1.392362
1.301463
1.258758
1.208324
1.281455
1.255905
1.324841
1.247574
1.335833
1.293175
1.188908
1.345454
1.431701
1.452292
1.319659
1.396531
1.613039
1.624318
1.520901
1.547544
1.658088
1.819654
1.752861
1.876969
1.931746
1.897042
1.860621
1.763344
1.754852
1.87688
1.786989
1.860089
1.705135
1.72406
1.789131
1.781328
1.754272
1.712535
1.70434
1.774272
1.68747
1.714203
1.779433
1.908604
1.837518
1.992294
1.97049
1.86069
1.953044
1.908854
1.80307
1.889794
1.781125
1.852558
1.741374
1.741534
1.708393
1.787704
1.737928
1.815438
1.8051
1.689827
1.580315
1.507045
1.568492
1.64355
1.815205
1.831432
1.845327
1.79177
1.826432
1.894619
1.979011
1.872749
1.741305
1.650941
1.691182
1.773125
1.70668
1.760014
1.763006
1.572422
1.623837
1.593513
1.699267
1.758078
1.80787
1.866484
1.76482
1.809721
1.674933
1.657766
1.714865
1.790945
1.577943
1.558451
1.533602
1.536038
1.659344
1.823405
1.795394
1.773993
1.70168
1.827226
1.859646
1.884293
1.936659
2.047382
1.994428
2.07695
1.885712
1.752899
1.701348
1.72871
1.703742
1.661977
1.692498
1.851553
1.86038
1.843849
1.704428
1.824076
1.815233
1.764355
1.845069
1.707209
1.609499
1.556219
1.508866
1.625916
1.610489
1.501015
1.578288
1.65615
1.754967
1.788995
1.613051
1.605722
1.696644
1.704992
1.735943
1.802349
1.965039
1.972653
1.993305
1.904191
2.095488
2.117128
2.01086
1.954289
1.870065
1.808164
1.752761
1.809288
1.824125
1.760349
1.876618
1.853138
2.084405
1.907959
1.964221
2.099721
2.121207
2.179129
2.123496
2.325942
2.467946
2.293006
2.142911
2.378773
2.393283
2.364346
2.336248
2.369551
2.480498
2.318831
2.272407
2.149779
2.211152
2.096902
1.961034
1.932991
1.991749
2.136676
2.15584
2.018798
2.083102
2.052612
2.077425
2.093102
2.193268
2.264706
2.254459
2.157088
2.083758
2.142013
2.137958
2.035615
2.155401
2.280544
2.204588
2.275469
2.241784
2.279779
2.40297
2.316092
2.288542
2.494815
2.461177
2.44274
2.434117
2.318874
2.311726
2.378353
2.590382
2.395542
2.528783
2.402648
2.442362
2.255331
2.242768
2.287605
2.351798
2.546374
2.328027
2.146537
1.958704
2.003777
1.905207
2.010384
1.881155
1.892547
2.12577
1.967926
1.992984
1.916022
1.808969
1.853778
1.845958
1.830446
1.843727
2.010986
1.912073
1.99606
1.855377
1.734768
1.820582
1.842492
1.930917
1.908609
1.754035
1.773631
1.875463
1.697816
1.751445
1.6562
1.540152
1.535238
1.621302
1.599877
1.66611
1.615742
1.45949
1.512543
1.477009
1.550295
1.553535
1.709057
1.634841
1.660797
1.696813
1.687748
1.66097
1.682237
1.614257
1.679282
1.598256
1.525294
1.400438
1.253265
1.334827
1.279984
1.377205
1.470243
1.599055
1.688086
1.678843
1.684601
1.61283
1.684481
1.544843
1.696394
1.718842
1.596572
1.588936
1.706062
1.614201
1.632317
1.800178
1.671198
1.826437
1.887115
1.746363
1.72111
1.787467
1.727431
1.625157
1.640629
1.606942
1.690364
1.782717
1.746306
1.862935
1.916982
1.923779
1.922109
1.992448
2.088157
2.133803
2.184686
1.843932
2.027883
1.972096
2.035655
1.936586
2.029817
1.904695
1.963857
2.12381
1.92893
2.004898
1.920712
1.716334
1.825001
1.804118
1.752009
1.685598
1.579081
1.72177
1.976163
2.032311
2.051762
1.813447
1.73607
1.762554
1.766625
1.741631
1.758184
1.848177
1.944042
2.007515
2.056448
1.905774
2.087131
2.10086
2.097729
2.079388
2.131608
2.114554
1.922156
1.981577
1.904823
1.956803
2.031249
1.982081
1.962179
2.128649
2.121754
2.158541
2.326124
2.166921
2.212313
2.11134
1.973538
1.959513
2.117681
2.23118
2.20205
1.978933
1.870619
1.942695
2.086363
2.197646
2.134759
1.950594
1.882377
1.928303
1.936116
1.95959
1.913554
1.893314
1.971653
1.963826
2.067354
2.167044
1.987526
1.934358
1.878347
1.84562
1.837555
1.848623
1.619861
1.732126
1.678822
1.716298
1.788813
1.641585
1.47868
1.507623
1.447025
1.613469
1.757003
1.652142
1.577085
1.594526
1.500113
1.557943
1.39519
1.432798
1.518266
1.389128
1.293055
1.217443
1.160844
1.19591
1.207637
1.251008
1.374705
1.325691
1.525177
1.577345
1.696135
1.730976
1.518295
1.467454
1.441058
1.332692
1.270332
1.230473
1.207334
1.305681
1.354989
1.352156
1.459905
1.434698
1.435976
1.406709
1.318047
1.320566
1.393226
1.223749
1.221538
1.182956
1.249887
1.157849
1.160008
1.19691
1.18263
1.169196
1.261037
1.304713
1.270622
1.195273
1.230467
1.308908
1.294029
1.173719
1.222975
1.195552
1.186361
1.049379
0.9780687
0.962504
0.9415149
0.9682088
0.9236548
1.039309
0.9617374
0.8896886
0.8358215
0.8610836
0.7855679
0.7812147
0.8321885
0.8090121
0.8483117
0.8233792
0.8201338
0.8554005
0.8622868
0.8914749
0.799196
0.8569517
0.8508289
0.9634546
0.957369
0.9636629
0.9881165
0.9692573
0.9299335
0.9844364
1.014151
0.9641988
0.9660798
0.9802222
0.948064
0.9610196
0.9979695
1.044641
0.974023
1.042883
0.9791777
1.062587
1.154441
1.103235
1.065203
1.01664
0.9924328
1.038464
1.005467
0.9795338
1.022595
1.056672
1.045854
1.076634
1.098872
1.085313
1.15958
1.164278
1.117981
1.069771
1.096813
1.050244
1.096186
1.27065
1.215104
1.291623
1.233733
1.255035
1.318826
1.242397
1.236205
1.216897
1.196707
1.249616
1.281076
1.169747
1.096116
1.113236
1.186928
1.114377
1.206018
1.240291
1.164009
1.297054
1.225854
1.22902
1.325714
1.226267
1.305693
1.240966
1.24793
1.15778
1.142733
1.188362
1.290368
1.215923
1.282925
1.287031
1.285297
1.267259
1.185826
1.109571
1.13957
1.179675
1.182878
1.238388
1.154721
1.162674
1.061963
1.050535
1.013957
1.089864
1.156461
1.021442
1.01461
1.017561
1.011008
1.117241
1.297625
1.329749
1.331291
1.32712
1.331915
1.246872
1.264275
1.343779
1.213759
1.250595
1.205325
1.222423
1.230287
1.223685
1.264555
1.276123
1.29751
1.293312
1.25726
1.29963
1.297242
1.3384
1.395354
1.392769
1.41998
1.471957
1.411481
1.368046
1.446614
1.389211
1.368577
1.351353
1.297152
1.235609
1.301719
1.152428
1.187629
1.192971
1.178375
1.233947
1.266457
1.180204
1.271406
1.449045
1.34358
1.366266
1.458297
1.493519
1.548589
1.515381
1.617967
1.544946
1.571748
1.613745
1.453351
1.366603
1.435815
1.485846
1.348406
1.379425
1.52441
1.62626
1.59158
1.576916
1.479091
1.365677
1.460289
1.218351
1.42092
1.507516
1.531045
1.623923
1.696905
1.726217
1.550581
1.635739
1.751444
1.693456
1.733287
1.801619
1.831705
1.937832
1.827115
2.035099
2.008206
1.925996
1.936924
1.764349
1.792589
1.885564
1.846788
1.71364
1.744156
1.556948
1.594208
1.570259
1.603065
1.586011
1.845404
1.7913
1.687884
1.887176
1.935535
1.8548
1.902057
1.773363
1.533174
1.49654
1.410373
1.538286
1.475422
1.529394
1.544401
1.55508
1.396345
1.425152
1.570372
1.598513
1.527533
1.314139
1.23087
1.394533
1.327942
1.297717
1.376929
1.411964
1.336782
1.30454
1.163832
1.179249
1.191259
1.178244
1.161031
1.134068
1.093265
1.144215
1.126982
1.195046
1.16818
1.092884
1.111592
1.08433
1.12347
1.061361
1.081179
1.186865
1.184485
1.193114
1.24214
1.167591
1.234639
1.222065
1.22648
1.193882
1.211216
1.372058
1.370771
1.418712
1.530521
1.369175
1.345225
1.453753
1.355224
1.298195
1.297732
1.302873
1.293105
1.380414
1.29809
1.204971
1.199594
1.174977
1.068291
1.104989
1.150292
1.09264
1.068799
0.9776426
1.091298
1.127365
1.107541
1.135562
1.214557
1.222942
1.229695
1.350779
1.366366
1.344387
1.392988
1.408766
1.348419
1.317431
1.380655
1.428587
1.442857
1.417949
1.34331
1.431442
1.444395
1.411064
1.462427
1.514241
1.601699
1.810348
1.732995
1.6419
1.721688
1.73528
1.8362
1.892274
1.716229
1.795534
1.788236
1.965335
1.73344
1.563645
1.578997
1.472927
1.283931
1.276894
1.222037
1.158817
1.306142
1.311126
1.49644
1.603841
1.61199
1.716542
1.651294
1.655728
1.55789
1.536197
1.511978
1.534297
1.433346
1.479458
1.439429
1.571963
1.530216
1.603915
1.586107
1.382813
1.526515
1.567614
1.57801
1.637399
1.543787
1.616691
1.518912
1.501681
1.529184
1.497012
1.36082
1.388023
1.375817
1.246059
1.217054
1.348892
1.52031
1.519399
1.476074
1.476127
1.583747
1.545736
1.596684
1.602595
1.539125
1.41514
1.365456
1.249662
1.155912
1.213193
1.347614
1.524994
1.600347
1.622064
1.744766
1.773146
1.678943
1.779009
1.727419
1.730774
1.815527
1.803309
1.775335
1.850712
1.74504
1.812834
1.779301
1.777609
1.629215
1.666949
1.614227
1.556163
1.641367
1.643295
1.591014
1.603967
1.572938
1.738835
1.684204
1.739889
1.722659
1.623208
1.557791
1.498276
1.568226
1.437681
1.438486
1.372688
1.269228
1.331458
1.361792
1.344558
1.371887
1.388576
1.338289
1.336859
1.366145
1.523928
1.481528
1.412632
1.472442
1.426873
1.497639
1.427497
1.381121
1.486671
1.484728
1.476254
1.452422
1.54848
1.352003
1.293237
1.376029
1.311424
1.227471
1.272557
1.153035
1.162041
1.114844
1.161299
1.170475
1.222555
1.109013
1.167632
1.148723
1.110634
1.157015
1.132586
1.078275
1.053623
1.189041
1.16672
1.187469
1.266459
1.265926
1.305349
1.286299
1.242811
1.234661
1.20515
1.201698
1.218748
1.243381
1.259411
1.184934
1.163153
1.098082
1.131275
1.063952
1.114413
1.245191
1.191773
1.21224
1.219678
1.230832
1.196635
1.187827
1.105316
1.205281
1.19446
1.171307
1.194416
1.176107
1.083143
1.081503
1.196486
1.207892
1.195228
1.14912
1.214987
1.20517
1.171006
1.166881
1.049088
1.107786
1.093741
1.140619
1.132766
1.130629
1.084252
1.080659
1.123685
1.049574
0.9888218
1.073353
1.141421
1.123818
1.101634
1.104686
1.216826
1.138322
1.162112
1.219279
1.239483
1.224101
1.189827
1.153308
1.154837
1.145214
1.08725
1.021533
1.076941
1.195324
1.197623
1.225253
1.249188
1.296975
1.245546
1.15001
1.051471
1.039233
1.124121
1.028604
1.047721
1.085438
1.064755
1.049069
1.020541
1.000189
1.080498
1.095023
1.111801
0.9315505
1.058324
1.06287
1.106216
1.031278
1.088811
1.025877
1.012635
0.9741117
0.9423958
1.07442
1.071289
1.087956
1.183561
1.05469
1.093402
1.031743
1.021368
1.064019
1.059544
1.055236
1.00875
1.058567
1.042704
0.9706927
1.003049
1.00449
1.034036
0.9655334
0.9600983
0.9575596
0.9469427
0.9216397
0.9323322
0.9262665
0.8879454
0.9525839
0.9635249
0.8999905
0.9716856
0.8984922
0.9152001
0.9609438
1.028363
0.9846944
1.024786
1.032386
1.049983
0.9942683
0.9434264
0.9427973
0.9379744
0.9753441
1.024136
1.020174
1.059998
1.038125
0.9434407
1.009093
1.000079
1.048725
1.015052
0.9431384
0.9205372
0.9488236
1.022396
1.063182
1.001392
0.9615981
0.9945643
1.017341
1.088592
1.077503
1.186946
1.221628
1.231231
1.162427
1.299904
1.180317
1.171683
1.20878
1.245678
1.153653
1.138296
1.143568
1.263828
1.167959
1.178412
1.21492
1.175766
1.251278
1.315927
1.308568
1.343895
1.394485
1.401771
1.446621
1.361619
1.402045
1.426467
1.335
1.411638
1.29115
1.316792
1.360728
1.328139
1.306842
1.285612
1.130574
1.228769
1.30854
1.320358
1.207789
1.151015
1.14361
1.170239
1.159286
1.160708
1.144355
1.150352
1.213837
1.282528
1.263787
1.210049
1.270491
1.225596
1.394049
1.296316
1.452966
1.504866
1.582019
1.662829
1.58221
1.597994
1.730949
1.619272
1.582744
1.603087
1.691249
1.624088
1.676467
1.733347
1.64851
1.612399
1.605279
1.73087
1.819447
1.726934
1.761535
1.700383
1.646587
1.727434
1.794426
1.825343
1.658976
1.632748
1.587867
1.642286
1.493262
1.544127
1.513303
1.61519
1.638817
1.47328
1.461796
1.453998
1.415789
1.458664
1.513764
1.456613
1.449569
1.346809
1.338184
1.351509
1.306128
1.365736
1.370538
1.238263
1.29574
1.504225
1.527235
1.505824
1.512988
1.578605
1.581947
1.649393
1.629087
1.634006
1.727074
1.639655
1.674853
1.712678
1.793588
1.58019
1.488312
1.479216
1.555666
1.602413
1.465776
1.511323
1.514489
1.533964
1.565573
1.697445
1.671881
1.739351
1.745657
1.645925
1.699978
1.700355
1.671345
1.720591
1.842547
2.13854
2.011464
2.093254
2.080142
1.897101
1.864742
1.833476
1.948106
1.782668
1.707584
1.610045
1.687249
1.761939
1.889398
1.746841
1.79183
1.81687
1.774344
1.662126
1.660702
1.73757
1.883355
1.835051
1.840726
1.79701
1.85355
1.799376
1.682652
1.676352
1.66293
1.660765
1.729712
1.635002
1.688919
1.877469
1.839383
1.599016
1.450919
1.497208
1.432774
1.457463
1.549164
1.543549
1.458418
1.3195
1.306823
1.399533
1.345402
1.435105
1.402134
1.508035
1.450367
1.451766
1.392834
1.372796
1.327935
1.268682
1.27046
1.316873
1.278338
1.339101
1.186831
1.137562
1.174452
1.172192
1.267769
1.31093
1.388843
1.397731
1.410009
1.250906
1.422807
1.531093
1.534755
1.430184
1.477584
1.389677
1.330531
1.344624
1.137198
1.279948
1.265493
1.323885
1.338491
1.314931
1.245175
1.192121
1.196202
1.240351
1.098892
1.141656
1.211822
1.164723
1.112815
1.018239
1.085963
1.107447
1.130663
1.137607
1.150981
1.153586
1.081672
1.092928
1.102918
1.089494
1.044673
1.051562
1.033188
1.060346
1.064535
1.041196
1.045402
0.9926868
0.9538485
0.9738212
1.089528
0.9663674
0.995911
0.9950037
1.024411
0.99055
1.035922
1.038661
1.017105
0.8808237
0.9948507
0.9913198
1.044118
0.9394103
0.9661376
1.15416
1.167214
1.092377
1.058847
1.18889
1.128852
1.098607
1.090146
1.081934
1.002544
0.9515997
1.078043
1.142269
1.145106
1.090573
1.145054
1.223515
1.286088
1.289585
1.260956
1.315689
1.345829
1.282316
1.211486
1.24302
1.323118
1.412759
1.442748
1.392073
1.34425
1.303847
1.412047
1.325708
1.257934
1.339893
1.365687
1.366923
1.322289
1.272529
1.21048
1.181362
1.252156
1.342334
1.336425
1.276044
1.291704
1.400241
1.485345
1.531771
1.364798
1.407932
1.421511
1.456958
1.614627
1.441917
1.423157
1.362734
1.330577
1.17719
1.07305
1.084539
0.986399
0.9801545
0.9530588
0.9972056
1.090892
1.158198
1.154642
1.195126
1.144336
1.079311
1.0467
0.9655737
0.9192828
0.8750424
0.8685357
0.7978246
0.8499285
0.8754392
0.9071139
1.008255
0.9806639
1.038757
0.9713594
0.9629013
0.9748757
1.024706
0.9805233
0.9731889
1.00559
0.9250365
0.9492623
1.062174
0.9277607
0.888932
0.8887962
0.9959046
0.9761724
1.026235
0.9249834
0.8628187
0.8844977
0.9641895
0.9000156
0.8751452
0.9011422
0.8650408
0.8617446
0.865264
0.8845129
0.8724653
0.8600307
0.9004165
0.8891948
0.9114722
0.9416022
0.9164705
0.8767867
0.8498533
0.8775772
0.8080704
0.8399766
0.8450871
0.8970608
0.9219883
0.8316183
0.8838066
0.9316733
0.9063834
0.9183857
0.855402
0.8574056
0.900715
0.8429652
0.8433338
0.8888211
0.8981542
0.9108071
0.909207
0.949926
0.9647045
1.006065
1.003664
1.034365
1.021084
1.019984
0.9857162
0.9628427
0.9674234
0.9972612
0.9463106
0.9643759
0.9804897
0.8843819
0.9358688
0.9857321
0.9102049
0.9969534
1.041748
1.033264
0.9622535
0.9783688
0.9904726
0.9988117
0.9921541
0.9248049
0.9749116
0.9917258
0.9895307
0.9226201
1.004478
1.075208
1.029003
1.072901
1.089666
1.183007
1.098465
1.181852
1.106407
1.235102
1.250239
1.188682
1.119565
1.113886
1.141708
1.196956
1.165833
1.218352
1.181311
1.257585
1.298237
1.264474
1.216375
1.201364
1.160883
1.109121
0.9906677
0.9952967
0.9596156
0.9954968
0.9255157
0.9975523
0.9752263
0.9327144
1.040741
1.114068
1.038235
0.9841179
0.9952291
0.9721146
1.005261
1.044571
1.056797
0.9519299
1.040103
1.019989
1.024088
1.005665
0.9874688
0.9499604
0.9286864
0.8990306
1.018736
0.9363381
1.071189
1.087549
1.061306
1.208262
1.142636
1.173369
1.111705
1.201231
1.203663
1.159014
1.155152
1.100625
1.121427
1.116497
1.049528
1.115004
0.997834
0.9847878
0.9611853
1.073813
1.153013
1.14935
1.097601
1.09031
1.09474
1.029035
1.064765
1.063537
1.121989
1.099755
1.216849
1.171626
1.177286
1.157848
1.068104
1.108865
1.07191
1.112083
1.139662
1.15751
1.157331
1.131249
1.201089
1.266376
1.258219
1.211861
1.174878
1.230682
1.14291
1.20394
1.227112
1.209956
1.289189
1.324755
1.33057
1.243026
1.238189
1.251726
1.301963
1.32409
1.405898
1.470452
1.312356
1.357534
1.260798
1.313741
1.40744
1.396116
1.444411
1.304101
1.337007
1.38295
1.425484
1.437175
1.367992
1.365658
1.40379
1.293379
1.386987
1.303668
1.308618
1.429443
1.404666
1.461386
1.327673
1.393001
1.305311
1.327341
1.395061
1.336347
1.434118
1.644765
1.743956
1.698406
1.789543
1.864709
1.717342
1.724006
1.705829
1.652536
1.539504
1.485105
1.497061
1.51905
1.575528
1.700888
1.546922
1.38115
1.3499
1.290656
1.414232
1.475416
1.528783
1.570658
1.658151
1.644868
1.708763
1.719016
1.710233
1.597676
1.759629
1.800557
1.8422
1.78037
1.795964
1.797945
1.895017
1.962259
1.91326
1.877018
1.941611
1.892689
1.989467
1.950698
2.007395
1.957303
2.16772
2.273858
2.246496
2.175274
2.027286
1.768106
1.713156
1.76486
1.816998
2.058129
1.821251
1.892144
1.802323
1.613904
1.625426
1.57984
1.682233
1.667712
1.591475
1.858478
1.834346
1.850998
1.881278
1.909603
1.830218
1.807732
1.603532
1.558102
1.503489
1.49409
1.58839
1.599727
1.5542
1.533664
1.65761
1.653809
1.613502
1.532519
1.526921
1.785667
1.838013
1.713813
1.821501
1.829546
1.86869
1.791388
1.856927
1.743078
1.684439
1.667601
1.727231
1.737543
1.644531
1.646444
1.749212
1.724943
1.710695
1.70328
1.530187
1.529868
1.688
1.741829
1.640755
1.71839
1.833126
1.824769
1.79749
1.904462
1.804369
1.67186
1.692772
1.643948
1.517998
1.526386
1.348951
1.303501
1.224673
1.215035
1.245902
1.256123
1.286139
1.458491
1.631797
1.764866
1.814491
1.737323
1.723379
1.659032
1.713541
1.704466
1.885234
1.808837
1.68666
1.84498
1.799321
1.684731
1.59182
1.629285
1.682619
1.71266
1.806931
1.790242
1.641117
1.602013
1.468044
1.472026
1.403769
1.429618
1.471783
1.434131
1.435257
1.505168
1.557944
1.536956
1.62175
1.640679
1.620641
1.515125
1.563533
1.580652
1.560827
1.627277
1.82474
1.611552
1.445492
1.563134
1.640806
1.514391
1.574982
1.465712
1.449644
1.446246
1.35228
1.306646
1.446553
1.719852
1.706491
1.636354
1.629926
1.763038
1.613123
1.652802
1.607358
1.734019
1.637442
1.507485
1.420869
1.439402
1.456357
1.510462
1.405559
1.454373
1.495605
1.676572
1.572717
1.613874
1.6237
1.489304
1.479608
1.414437
1.296302
1.367906
1.395086
1.37248
1.397737
1.483392
1.507467
1.600531
1.537462
1.712757
1.807883
1.763247
1.762182
1.891201
1.808461
1.880055
1.972771
1.858167
1.871738
1.84499
1.875324
1.940258
1.935463
2.086813
2.178513
2.257111
2.256705
2.113079
2.085574
1.9659
1.863043
1.642859
1.49541
1.627685
1.725977
1.698903
1.70595
1.707531
1.806781
1.857935
1.883801
1.890491
1.84414
1.739161
1.686337
1.94611
1.780708
1.701236
1.598123
1.705439
1.635256
1.533083
1.495862
1.538724
1.562409
1.635295
1.591209
1.370239
1.444476
1.351194
1.546314
1.459558
1.575473
1.537295
1.468583
1.591232
1.454714
1.470837
1.559028
1.548971
1.537701
1.434437
1.408825
1.462574
1.451644
1.514061
1.426812
1.337201
1.358247
1.289584
1.211164
1.217162
1.294644
1.270811
1.505857
1.576317
1.566481
1.407379
1.3475
1.362045
1.37715
1.448137
1.488424
1.582041
1.547603
1.671115
1.714082
1.574068
1.522334
1.451007
1.469926
1.439474
1.423459
1.519945
1.538095
1.436067
1.441783
1.481043
1.43218
1.562715
1.545699
1.633107
1.768218
1.632215
1.572047
1.632787
1.665
1.722487
1.73585
1.704994
1.696161
1.667725
1.642405
1.702131
1.890439
1.77017
1.823274
1.968315
2.18192
1.955888
1.995707
1.959348
1.83318
1.845792
1.596033
1.623223
1.766618
1.558991
1.656451
1.776765
1.91844
1.982882
1.747073
1.646994
1.85681
1.813708
1.905255
1.946309
1.911834
1.834001
1.952041
1.937474
1.850889
1.72729
1.773923
1.737905
1.849498
1.767896
1.924963
1.906507
1.939011
1.954373
1.96131
2.054533
1.948748
2.052805
2.188822
2.151863
2.194871
2.170128
2.024333
2.08462
2.004952
2.11291
2.229236
2.587038
2.547367
2.594618
2.489877
2.385727
2.451752
2.365303
2.347045
2.320755
2.172671
2.297355
2.047909
2.353388
2.23041
2.031426
2.008502
1.968325
1.812536
1.875724
1.84745
1.878343
1.941275
2.016786
1.874913
1.963922
1.925041
2.009833
2.03065
1.936937
1.888882
1.857569
1.833457
1.664408
1.696415
1.684382
1.867162
1.893588
1.857695
2.049439
2.105107
2.073177
2.127616
2.153499
2.230593
2.25347
2.224032
2.163664
2.245127
2.402211
2.262227
2.355628
2.30553
2.28036
2.132312
2.190862
2.348709
2.5342
2.883348
2.562913
2.615622
2.648065
2.415438
2.147552
2.100436
1.983581
2.022253
2.146777
2.040228
1.869444
1.868432
1.794176
1.781935
1.717064
1.868791
1.827291
1.858212
1.880056
1.862117
2.014548
1.901103
1.869582
1.799414
1.687468
1.721961
1.73044
1.76014
1.946672
1.872664
1.807919
1.83073
1.940271
1.664049
1.732875
1.690907
1.645195
1.561017
1.565026
1.681014
1.835573
1.826035
1.966664
1.807032
1.784806
1.677382
1.934879
1.964777
1.857727
1.974671
2.058845
2.090351
2.149321
1.905019
1.883319
1.790036
1.678762
1.60235
1.601532
1.577814
1.622729
1.663814
1.597841
1.495644
1.436333
1.572029
1.645528
1.6044
1.543535
1.563123
1.602937
1.659373
1.835651
1.737578
1.547983
1.524648
1.441371
1.474533
1.516639
1.648287
1.597818
1.535139
1.513514
1.524007
1.579324
1.540939
1.408163
1.403179
1.418103
1.434038
1.505016
1.293033
1.301442
1.187602
1.237794
1.31046
1.321838
1.363094
1.344135
1.338826
1.455469
1.363623
1.349927
1.328228
1.367631
1.370695
1.303579
1.454462
1.588031
1.632816
1.54571
1.593325
1.602866
1.69392
1.852967
1.771163
1.768929
1.7795
1.814056
1.687717
1.570224
1.601362
1.726235
1.816216
1.725491
1.660299
1.671938
1.748988
1.645465
1.844948
1.785067
1.782972
1.873471
1.90107
1.79876
1.811766
1.850499
1.852893
2.005302
2.042407
1.953211
1.866602
1.848532
1.755478
1.798505
1.830027
1.799041
1.945506
1.923248
1.95134
1.928823
1.819472
1.693166
1.748125
1.765128
1.73942
1.748109
1.898407
1.858678
1.817493
1.861446
1.918365
2.003884
2.002669
1.97155
1.855993
1.883822
2.090055
1.84828
1.77453
1.806047
1.866788
1.886172
1.751686
1.624951
1.872811
1.805593
1.601145
1.687764
1.704109
1.8731
1.832769
1.987279
2.059205
2.190885
2.023842
2.077791
2.279716
2.214941
2.171676
2.218743
2.318786
2.131769
2.151538
1.818483
1.939458
1.868143
1.801537
1.866131
1.675075
1.669025
1.689177
1.489282
1.642698
1.707643
1.68626
1.772002
1.711939
1.698159
1.688378
1.60166
1.651073
1.708542
1.777281
1.74489
1.855309
1.826502
1.676924
1.686305
1.908264
1.774469
1.719615
1.627401
1.428594
1.543247
1.626714
1.765105
1.638331
1.719837
1.746653
1.665225
1.676297
1.803277
1.772722
1.652738
1.521851
1.398059
1.425363
1.462551
1.351403
1.233207
1.175633
1.263737
1.08674
1.125866
1.146212
1.203323
1.168809
1.079269
1.033232
1.000923
1.165608
1.203403
1.182864
1.125142
1.044767
1.086209
1.066404
1.018007
1.197858
1.203463
1.252193
1.281673
1.326393
1.327656
1.357441
1.356675
1.346031
1.407824
1.43965
1.335954
1.433782
1.422529
1.349365
1.357992
1.309066
1.381897
1.30947
1.39149
1.424514
1.453152
1.454817
1.551495
1.584502
1.48218
1.499298
1.539806
1.49057
1.46607
1.456421
1.417307
1.568709
1.519485
1.374807
1.429185
1.410895
1.413353
1.43372
1.58925
1.580957
1.671897
1.587636
1.537159
1.601385
1.580589
1.522931
1.445934
1.289194
1.248302
1.240543
1.272877
1.170636
1.114258
1.017281
1.065908
1.024464
1.064973
1.017218
0.984866
1.110731
1.093074
1.141617
1.202169
1.083883
1.065342
1.004029
0.9632997
0.9932872
1.079733
1.016469
1.061064
1.090392
1.09447
1.096171
1.105283
1.043536
1.018333
0.9979871
1.102756
1.127797
1.107484
1.189054
1.195226
1.177862
1.359235
1.331756
1.275296
1.350952
1.324691
1.270583
1.301734
1.448873
1.459726
1.399875
1.39995
1.262702
1.231595
1.222357
1.289681
1.196091
1.128173
1.244749
1.1262
1.077179
1.126448
1.147886
1.080318
1.075629
1.166108
1.218805
1.101059
1.131832
1.143091
1.088009
0.9677593
0.9470366
0.994228
1.004551
1.018055
1.030658
0.9998764
1.02455
0.9726211
0.9808315
